1 0
1 0
1 0
1 0
1 0
1 0
1 0
1 0
1 0
1 0
1 0
1 0
1 0
1 0
1 0
1 0
1 0
1 0
1 0
1 0
1 0
1 0
1 0
1 0
1 0
1 0
1 0
1 0
1 0
1 0
1 0
1 0
1 0
1 0
1 0
1 0
1 0
1 0
1 0
1 0
1 0
1 0
1 0
1 0
1 0
1 0
1 0
1 0
1 0
1 0
1 0
1 0
1 0
1 0
1 0
1 0
1 0
1 0
1 0
1 0
1 0
1 0
1 0
1 0
1 0
1 0
0 0
19 1
19 1
19 1
19 1
19 1
19 1
19 1
19 1
19 1
19 1
19 1
19 1
19 1
19 1
19 1
19 1
19 1
19 1
19 1
19 1
19 1
19 1
19 1
19 1
19 1
19 1
19 1
19 1
19 1
19 1
19 1
19 1
19 1
19 1
19 1
19 1
19 1
19 1
19 1
19 1
19 1
19 1
19 1
19 1
19 1
19 1
19 1
19 1
19 1
19 1
19 1
19 1
19 1
19 1
19 1
19 1
19 1
19 1
19 1
19 1
19 1
19 1
19 1
19 1
19 1
9 1
7 1
16 2
16 2
16 2
16 2
16 2
16 2
16 2
16 2
16 2
16 2
16 2
16 2
16 2
16 2
16 2
16 2
16 2
16 2
16 2
16 2
16 2
16 2
16 2
16 2
16 2
16 2
16 2
16 2
16 2
16 2
16 2
16 2
16 2
16 2
16 2
16 2
16 2
16 2
16 2
16 2
16 2
16 2
16 2
16 2
16 2
16 2
16 2
16 2
16 2
16 2
16 2
16 2
16 2
16 2
16 2
16 2
16 2
16 2
16 2
16 2
16 2
16 2
16 2
16 2
0 2
16 2
12 3
12 3
12 3
12 3
12 3
12 3
12 3
12 3
12 3
12 3
12 3
12 3
12 3
12 3
12 3
12 3
12 3
12 3
12 3
12 3
12 3
12 3
12 3
12 3
12 3
12 3
12 3
12 3
12 3
12 3
12 3
12 3
12 3
12 3
12 3
12 3
12 3
12 3
12 3
12 3
12 3
12 3
12 3
12 3
12 3
12 3
12 3
12 3
12 3
12 3
12 3
12 3
12 3
12 3
12 3
12 3
12 3
12 3
12 3
12 3
12 3
12 3
12 3
12 3
0 3
16 3
16 3
11 4
11 4
11 4
11 4
11 4
11 4
11 4
11 4
11 4
11 4
11 4
11 4
11 4
11 4
11 4
11 4
11 4
11 4
11 4
11 4
11 4
11 4
11 4
11 4
11 4
11 4
11 4
11 4
11 4
11 4
11 4
11 4
11 4
11 4
11 4
11 4
11 4
11 4
11 4
11 4
11 4
11 4
11 4
11 4
11 4
11 4
11 4
11 4
11 4
11 4
11 4
11 4
11 4
11 4
11 4
11 4
11 4
11 4
11 4
11 4
11 4
11 4
11 4
19 4
16 4
9 4
2 4
9 5
9 5
9 5
9 5
9 5
9 5
9 5
9 5
9 5
9 5
9 5
9 5
9 5
9 5
9 5
9 5
9 5
9 5
9 5
9 5
9 5
9 5
9 5
9 5
9 5
9 5
9 5
9 5
9 5
9 5
9 5
9 5
9 5
9 5
9 5
9 5
9 5
9 5
9 5
9 5
9 5
9 5
9 5
9 5
9 5
9 5
9 5
9 5
9 5
9 5
9 5
9 5
9 5
9 5
9 5
9 5
9 5
9 5
9 5
9 5
9 5
9 5
1 5
4 5
11 5
1 5
4 6
