0 405
1 405
2 405
3 405
4 405
5 405
6 405
7 405
8 405
9 405
10 405
11 405
12 405
13 405
14 405
15 405
16 405
17 405
18 405
19 405
20 405
21 405
22 405
23 405
24 405
25 405
26 405
27 405
28 405
29 405
30 405
31 405
32 405
33 405
34 405
35 405
36 405
37 405
38 405
39 405
40 405
41 405
42 405
43 405
44 405
45 405
46 405
47 405
48 405
49 405
50 405
51 405
52 405
53 405
54 405
55 405
56 405
57 405
58 405
59 405
60 405
61 405
62 405
63 405
64 405
65 405
66 405
67 405
68 405
69 405
70 405
71 405
72 405
73 405
74 405
75 405
76 405
77 405
78 405
79 405
80 405
81 405
82 405
83 405
84 405
85 405
86 405
87 405
88 405
89 405
90 405
91 405
92 405
93 405
94 405
95 405
96 405
97 405
98 405
99 405
100 405
101 405
102 405
103 405
104 405
105 405
106 405
107 405
108 405
109 405
110 405
111 405
112 405
113 405
114 405
115 405
116 405
117 405
118 405
119 405
120 405
121 405
122 405
123 405
124 405
125 405
126 405
127 405
128 405
129 405
130 405
131 405
132 405
133 405
134 405
135 405
136 405
137 405
138 405
139 405
140 405
141 405
142 405
143 405
144 405
145 405
146 405
147 405
148 405
149 405
150 405
151 405
152 405
153 405
154 405
155 405
156 405
157 405
158 405
159 405
160 405
161 405
162 405
163 405
164 405
165 405
166 405
167 405
168 405
169 405
170 405
171 405
172 405
173 405
174 405
175 405
176 405
177 405
178 405
179 405
180 405
181 405
182 405
183 405
184 405
185 405
186 405
187 405
188 405
189 405
190 405
191 405
192 405
193 405
194 405
195 405
196 405
197 405
198 405
199 405
200 405
201 405
202 405
203 405
204 405
205 405
206 405
207 405
208 405
209 405
210 405
211 405
212 405
213 405
214 405
215 405
216 405
217 405
218 405
219 405
220 405
221 405
222 405
223 405
224 405
225 405
226 405
227 405
228 405
229 405
230 405
231 405
232 405
233 405
234 405
235 405
236 405
237 405
238 405
239 405
240 405
241 405
242 405
243 405
244 405
245 405
246 405
247 405
248 405
249 405
250 405
251 405
252 405
253 405
254 405
255 405
256 405
257 405
258 405
259 405
260 405
261 405
262 405
263 405
264 405
265 405
266 405
267 405
268 405
269 405
270 405
271 405
272 405
273 405
274 405
275 405
276 405
277 405
278 405
279 405
280 405
281 405
282 405
283 405
284 405
285 405
286 405
287 405
288 405
289 405
290 405
291 405
292 405
293 405
294 405
295 405
296 405
297 405
298 405
299 405
300 405
301 405
302 405
303 405
304 405
305 405
306 405
307 405
308 405
309 405
310 405
311 405
312 405
313 405
314 405
315 405
316 405
317 405
318 405
319 405
320 405
321 405
322 405
323 405
324 405
325 405
326 405
327 405
328 405
329 405
330 405
331 405
332 405
333 405
334 405
335 405
336 405
337 405
338 405
339 405
340 405
341 405
342 405
343 405
344 405
345 405
346 405
347 405
348 405
349 405
350 405
351 405
352 405
353 405
354 405
355 405
356 405
357 405
358 405
359 405
360 405
361 405
362 405
363 405
364 405
365 405
366 405
367 405
368 405
369 405
370 405
371 405
372 405
373 405
374 405
375 405
376 405
377 405
378 405
379 405
380 405
381 405
382 405
383 405
384 405
385 405
386 405
387 405
388 405
389 405
390 405
391 405
392 405
393 405
394 405
395 405
396 405
397 405
398 405
399 405
400 405
401 405
402 405
403 405
404 405
405 405
406 405
407 405
408 405
409 405
410 405
411 405
412 405
413 405
414 405
415 405
416 405
417 405
418 405
419 405
420 405
421 405
422 405
423 405
424 405
425 405
426 405
427 405
428 405
429 405
430 405
431 405
432 405
433 405
434 405
435 405
436 405
437 405
438 405
439 405
440 405
441 405
442 405
443 405
444 405
445 405
446 405
447 405
448 405
449 405
450 405
451 405
452 405
453 405
454 405
455 405
456 405
457 405
458 405
459 405
460 405
461 405
462 405
463 405
464 405
465 405
466 405
467 405
468 405
469 405
470 405
471 405
472 405
473 405
474 405
475 405
476 405
477 405
478 405
479 405
480 405
481 405
482 405
483 405
484 405
485 405
486 405
487 405
488 405
489 405
490 405
491 405
492 405
493 405
494 405
495 405
496 405
497 405
498 405
499 405
500 922
501 922
502 922
503 922
504 922
505 922
506 922
507 922
508 922
509 922
510 922
511 922
512 922
513 922
514 922
515 922
516 922
517 922
518 922
519 922
520 922
521 922
522 922
523 922
524 922
525 922
526 922
527 922
528 922
529 922
530 922
531 922
532 922
533 922
534 922
535 922
536 922
537 922
538 922
539 922
540 922
541 922
542 922
543 922
544 922
545 922
546 922
547 922
548 922
549 922
550 922
551 922
552 922
553 922
554 922
555 922
556 922
557 922
558 922
559 922
560 922
561 922
562 922
563 922
564 922
565 922
566 922
567 922
568 922
569 922
570 922
571 922
572 922
573 922
574 922
575 922
576 922
577 922
578 922
579 922
580 922
581 922
582 922
583 922
584 922
585 922
586 922
587 922
588 922
589 922
590 922
591 922
592 922
593 922
594 922
595 922
596 922
597 922
598 922
599 922
600 922
601 922
602 922
603 922
604 922
605 922
606 922
607 922
608 922
609 922
610 922
611 922
612 922
613 922
614 922
615 922
616 922
617 922
618 922
619 922
620 922
621 922
622 922
623 922
624 922
625 922
626 922
627 922
628 922
629 922
630 922
631 922
632 922
633 922
634 922
635 922
636 922
637 922
638 922
639 922
640 922
641 922
642 922
643 922
644 922
645 922
646 922
647 922
648 922
649 922
650 922
651 922
652 922
653 922
654 922
655 922
656 922
657 922
658 922
659 922
660 922
661 922
662 922
663 922
664 922
665 922
666 922
667 922
668 922
669 922
670 922
671 922
672 922
673 922
674 922
675 922
676 922
677 922
678 922
679 922
680 922
681 922
682 922
683 922
684 922
685 922
686 922
687 922
688 922
689 922
690 922
691 922
692 922
693 922
694 922
695 922
696 922
697 922
698 922
699 922
700 922
701 922
702 922
703 922
704 922
705 922
706 922
707 922
708 922
709 922
710 922
711 922
712 922
713 922
714 922
715 922
716 922
717 922
718 922
719 922
720 922
721 922
722 922
723 922
724 922
725 922
726 922
727 922
728 922
729 922
730 922
731 922
732 922
733 922
734 922
735 922
736 922
737 922
738 922
739 922
740 922
741 922
742 922
743 922
744 922
745 922
746 922
747 922
748 922
749 922
750 922
751 922
752 922
753 922
754 922
755 922
756 922
757 922
758 922
759 922
760 922
761 922
762 922
763 922
764 922
765 922
766 922
767 922
768 922
769 922
770 922
771 922
772 922
773 922
774 922
775 922
776 922
777 922
778 922
779 922
780 922
781 922
782 922
783 922
784 922
785 922
786 922
787 922
788 922
789 922
790 922
791 922
792 922
793 922
794 922
795 922
796 922
797 922
798 922
799 922
800 922
801 922
802 922
803 922
804 922
805 922
806 922
807 922
808 922
809 922
810 922
811 922
812 922
813 922
814 922
815 922
816 922
817 922
818 922
819 922
820 922
821 922
822 922
823 922
824 922
825 922
826 922
827 922
828 922
829 922
830 922
831 922
832 922
833 922
834 922
835 922
836 922
837 922
838 922
839 922
840 922
841 922
842 922
843 922
844 922
845 922
846 922
847 922
848 922
849 922
850 922
851 922
852 922
853 922
854 922
855 922
856 922
857 922
858 922
859 922
860 922
861 922
862 922
863 922
864 922
865 922
866 922
867 922
868 922
869 922
870 922
871 922
872 922
873 922
874 922
875 922
876 922
877 922
878 922
879 922
880 922
881 922
882 922
883 922
884 922
885 922
886 922
887 922
888 922
889 922
890 922
891 922
892 922
893 922
894 922
895 922
896 922
897 922
898 922
899 922
900 922
901 922
902 922
903 922
904 922
905 922
906 922
907 922
908 922
909 922
910 922
911 922
912 922
913 922
914 922
915 922
916 922
917 922
918 922
919 922
920 922
921 922
922 922
923 922
924 922
925 922
926 922
927 922
928 922
929 922
930 922
931 922
932 922
933 922
934 922
935 922
936 922
937 922
938 922
939 922
940 922
941 922
942 922
943 922
944 922
945 922
946 922
947 922
948 922
949 922
950 922
951 922
952 922
953 922
954 922
955 922
956 922
957 922
958 922
959 922
960 922
961 922
962 922
963 922
964 922
965 922
966 922
967 922
968 922
969 922
970 922
971 922
972 922
973 922
974 922
975 922
976 922
977 922
978 922
979 922
980 922
981 922
982 922
983 922
984 922
985 922
986 922
987 922
988 922
989 922
990 922
991 922
992 922
993 922
994 922
995 922
996 922
997 922
998 922
999 922
1000 1351
1001 1351
1002 1351
1003 1351
1004 1351
1005 1351
1006 1351
1007 1351
1008 1351
1009 1351
1010 1351
1011 1351
1012 1351
1013 1351
1014 1351
1015 1351
1016 1351
1017 1351
1018 1351
1019 1351
1020 1351
1021 1351
1022 1351
1023 1351
1024 1351
1025 1351
1026 1351
1027 1351
1028 1351
1029 1351
1030 1351
1031 1351
1032 1351
1033 1351
1034 1351
1035 1351
1036 1351
1037 1351
1038 1351
1039 1351
1040 1351
1041 1351
1042 1351
1043 1351
1044 1351
1045 1351
1046 1351
1047 1351
1048 1351
1049 1351
1050 1351
1051 1351
1052 1351
1053 1351
1054 1351
1055 1351
1056 1351
1057 1351
1058 1351
1059 1351
1060 1351
1061 1351
1062 1351
1063 1351
1064 1351
1065 1351
1066 1351
1067 1351
1068 1351
1069 1351
1070 1351
1071 1351
1072 1351
1073 1351
1074 1351
1075 1351
1076 1351
1077 1351
1078 1351
1079 1351
1080 1351
1081 1351
1082 1351
1083 1351
1084 1351
1085 1351
1086 1351
1087 1351
1088 1351
1089 1351
1090 1351
1091 1351
1092 1351
1093 1351
1094 1351
1095 1351
1096 1351
1097 1351
1098 1351
1099 1351
1100 1351
1101 1351
1102 1351
1103 1351
1104 1351
1105 1351
1106 1351
1107 1351
1108 1351
1109 1351
1110 1351
1111 1351
1112 1351
1113 1351
1114 1351
1115 1351
1116 1351
1117 1351
1118 1351
1119 1351
1120 1351
1121 1351
1122 1351
1123 1351
1124 1351
1125 1351
1126 1351
1127 1351
1128 1351
1129 1351
1130 1351
1131 1351
1132 1351
1133 1351
1134 1351
1135 1351
1136 1351
1137 1351
1138 1351
1139 1351
1140 1351
1141 1351
1142 1351
1143 1351
1144 1351
1145 1351
1146 1351
1147 1351
1148 1351
1149 1351
1150 1351
1151 1351
1152 1351
1153 1351
1154 1351
1155 1351
1156 1351
1157 1351
1158 1351
1159 1351
1160 1351
1161 1351
1162 1351
1163 1351
1164 1351
1165 1351
1166 1351
1167 1351
1168 1351
1169 1351
1170 1351
1171 1351
1172 1351
1173 1351
1174 1351
1175 1351
1176 1351
1177 1351
1178 1351
1179 1351
1180 1351
1181 1351
1182 1351
1183 1351
1184 1351
1185 1351
1186 1351
1187 1351
1188 1351
1189 1351
1190 1351
1191 1351
1192 1351
1193 1351
1194 1351
1195 1351
1196 1351
1197 1351
1198 1351
1199 1351
1200 1351
1201 1351
1202 1351
1203 1351
1204 1351
1205 1351
1206 1351
1207 1351
1208 1351
1209 1351
1210 1351
1211 1351
1212 1351
1213 1351
1214 1351
1215 1351
1216 1351
1217 1351
1218 1351
1219 1351
1220 1351
1221 1351
1222 1351
1223 1351
1224 1351
1225 1351
1226 1351
1227 1351
1228 1351
1229 1351
1230 1351
1231 1351
1232 1351
1233 1351
1234 1351
1235 1351
1236 1351
1237 1351
1238 1351
1239 1351
1240 1351
1241 1351
1242 1351
1243 1351
1244 1351
1245 1351
1246 1351
1247 1351
1248 1351
1249 1351
1250 1351
1251 1351
1252 1351
1253 1351
1254 1351
1255 1351
1256 1351
1257 1351
1258 1351
1259 1351
1260 1351
1261 1351
1262 1351
1263 1351
1264 1351
1265 1351
1266 1351
1267 1351
1268 1351
1269 1351
1270 1351
1271 1351
1272 1351
1273 1351
1274 1351
1275 1351
1276 1351
1277 1351
1278 1351
1279 1351
1280 1351
1281 1351
1282 1351
1283 1351
1284 1351
1285 1351
1286 1351
1287 1351
1288 1351
1289 1351
1290 1351
1291 1351
1292 1351
1293 1351
1294 1351
1295 1351
1296 1351
1297 1351
1298 1351
1299 1351
1300 1351
1301 1351
1302 1351
1303 1351
1304 1351
1305 1351
1306 1351
1307 1351
1308 1351
1309 1351
1310 1351
1311 1351
1312 1351
1313 1351
1314 1351
1315 1351
1316 1351
1317 1351
1318 1351
1319 1351
1320 1351
1321 1351
1322 1351
1323 1351
1324 1351
1325 1351
1326 1351
1327 1351
1328 1351
1329 1351
1330 1351
1331 1351
1332 1351
1333 1351
1334 1351
1335 1351
1336 1351
1337 1351
1338 1351
1339 1351
1340 1351
1341 1351
1342 1351
1343 1351
1344 1351
1345 1351
1346 1351
1347 1351
1348 1351
1349 1351
1350 1351
1351 1351
1352 1351
1353 1351
1354 1351
1355 1351
1356 1351
1357 1351
1358 1351
1359 1351
1360 1351
1361 1351
1362 1351
1363 1351
1364 1351
1365 1351
1366 1351
1367 1351
1368 1351
1369 1351
1370 1351
1371 1351
1372 1351
1373 1351
1374 1351
1375 1351
1376 1351
1377 1351
1378 1351
1379 1351
1380 1351
1381 1351
1382 1351
1383 1351
1384 1351
1385 1351
1386 1351
1387 1351
1388 1351
1389 1351
1390 1351
1391 1351
1392 1351
1393 1351
1394 1351
1395 1351
1396 1351
1397 1351
1398 1351
1399 1351
1400 1351
1401 1351
1402 1351
1403 1351
1404 1351
1405 1351
1406 1351
1407 1351
1408 1351
1409 1351
1410 1351
1411 1351
1412 1351
1413 1351
1414 1351
1415 1351
1416 1351
1417 1351
1418 1351
1419 1351
1420 1351
1421 1351
1422 1351
1423 1351
1424 1351
1425 1351
1426 1351
1427 1351
1428 1351
1429 1351
1430 1351
1431 1351
1432 1351
1433 1351
1434 1351
1435 1351
1436 1351
1437 1351
1438 1351
1439 1351
1440 1351
1441 1351
1442 1351
1443 1351
1444 1351
1445 1351
1446 1351
1447 1351
1448 1351
1449 1351
1450 1351
1451 1351
1452 1351
1453 1351
1454 1351
1455 1351
1456 1351
1457 1351
1458 1351
1459 1351
1460 1351
1461 1351
1462 1351
1463 1351
1464 1351
1465 1351
1466 1351
1467 1351
1468 1351
1469 1351
1470 1351
1471 1351
1472 1351
1473 1351
1474 1351
1475 1351
1476 1351
1477 1351
1478 1351
1479 1351
1480 1351
1481 1351
1482 1351
1483 1351
1484 1351
1485 1351
1486 1351
1487 1351
1488 1351
1489 1351
1490 1351
1491 1351
1492 1351
1493 1351
1494 1351
1495 1351
1496 1351
1497 1351
1498 1351
1499 1351
1500 1596
1501 1596
1502 1596
1503 1596
1504 1596
1505 1596
1506 1596
1507 1596
1508 1596
1509 1596
1510 1596
1511 1596
1512 1596
1513 1596
1514 1596
1515 1596
1516 1596
1517 1596
1518 1596
1519 1596
1520 1596
1521 1596
1522 1596
1523 1596
1524 1596
1525 1596
1526 1596
1527 1596
1528 1596
1529 1596
1530 1596
1531 1596
1532 1596
1533 1596
1534 1596
1535 1596
1536 1596
1537 1596
1538 1596
1539 1596
1540 1596
1541 1596
1542 1596
1543 1596
1544 1596
1545 1596
1546 1596
1547 1596
1548 1596
1549 1596
1550 1596
1551 1596
1552 1596
1553 1596
1554 1596
1555 1596
1556 1596
1557 1596
1558 1596
1559 1596
1560 1596
1561 1596
1562 1596
1563 1596
1564 1596
1565 1596
1566 1596
1567 1596
1568 1596
1569 1596
1570 1596
1571 1596
1572 1596
1573 1596
1574 1596
1575 1596
1576 1596
1577 1596
1578 1596
1579 1596
1580 1596
1581 1596
1582 1596
1583 1596
1584 1596
1585 1596
1586 1596
1587 1596
1588 1596
1589 1596
1590 1596
1591 1596
1592 1596
1593 1596
1594 1596
1595 1596
1596 1596
1597 1596
1598 1596
1599 1596
1600 1596
1601 1596
1602 1596
1603 1596
1604 1596
1605 1596
1606 1596
1607 1596
1608 1596
1609 1596
1610 1596
1611 1596
1612 1596
1613 1596
1614 1596
1615 1596
1616 1596
1617 1596
1618 1596
1619 1596
1620 1596
1621 1596
1622 1596
1623 1596
1624 1596
1625 1596
1626 1596
1627 1596
1628 1596
1629 1596
1630 1596
1631 1596
1632 1596
1633 1596
1634 1596
1635 1596
1636 1596
1637 1596
1638 1596
1639 1596
1640 1596
1641 1596
1642 1596
1643 1596
1644 1596
1645 1596
1646 1596
1647 1596
1648 1596
1649 1596
1650 1596
1651 1596
1652 1596
1653 1596
1654 1596
1655 1596
1656 1596
1657 1596
1658 1596
1659 1596
1660 1596
1661 1596
1662 1596
1663 1596
1664 1596
1665 1596
1666 1596
1667 1596
1668 1596
1669 1596
1670 1596
1671 1596
1672 1596
1673 1596
1674 1596
1675 1596
1676 1596
1677 1596
1678 1596
1679 1596
1680 1596
1681 1596
1682 1596
1683 1596
1684 1596
1685 1596
1686 1596
1687 1596
1688 1596
1689 1596
1690 1596
1691 1596
1692 1596
1693 1596
1694 1596
1695 1596
1696 1596
1697 1596
1698 1596
1699 1596
1700 1596
1701 1596
1702 1596
1703 1596
1704 1596
1705 1596
1706 1596
1707 1596
1708 1596
1709 1596
1710 1596
1711 1596
1712 1596
1713 1596
1714 1596
1715 1596
1716 1596
1717 1596
1718 1596
1719 1596
1720 1596
1721 1596
1722 1596
1723 1596
1724 1596
1725 1596
1726 1596
1727 1596
1728 1596
1729 1596
1730 1596
1731 1596
1732 1596
1733 1596
1734 1596
1735 1596
1736 1596
1737 1596
1738 1596
1739 1596
1740 1596
1741 1596
1742 1596
1743 1596
1744 1596
1745 1596
1746 1596
1747 1596
1748 1596
1749 1596
1750 1596
1751 1596
1752 1596
1753 1596
1754 1596
1755 1596
1756 1596
1757 1596
1758 1596
1759 1596
1760 1596
1761 1596
1762 1596
1763 1596
1764 1596
1765 1596
1766 1596
1767 1596
1768 1596
1769 1596
1770 1596
1771 1596
1772 1596
1773 1596
1774 1596
1775 1596
1776 1596
1777 1596
1778 1596
1779 1596
1780 1596
1781 1596
1782 1596
1783 1596
1784 1596
1785 1596
1786 1596
1787 1596
1788 1596
1789 1596
1790 1596
1791 1596
1792 1596
1793 1596
1794 1596
1795 1596
1796 1596
1797 1596
1798 1596
1799 1596
1800 1596
1801 1596
1802 1596
1803 1596
1804 1596
1805 1596
1806 1596
1807 1596
1808 1596
1809 1596
1810 1596
1811 1596
1812 1596
1813 1596
1814 1596
1815 1596
1816 1596
1817 1596
1818 1596
1819 1596
1820 1596
1821 1596
1822 1596
1823 1596
1824 1596
1825 1596
1826 1596
1827 1596
1828 1596
1829 1596
1830 1596
1831 1596
1832 1596
1833 1596
1834 1596
1835 1596
1836 1596
1837 1596
1838 1596
1839 1596
1840 1596
1841 1596
1842 1596
1843 1596
1844 1596
1845 1596
1846 1596
1847 1596
1848 1596
1849 1596
1850 1596
1851 1596
1852 1596
1853 1596
1854 1596
1855 1596
1856 1596
1857 1596
1858 1596
1859 1596
1860 1596
1861 1596
1862 1596
1863 1596
1864 1596
1865 1596
1866 1596
1867 1596
1868 1596
1869 1596
1870 1596
1871 1596
1872 1596
1873 1596
1874 1596
1875 1596
1876 1596
1877 1596
1878 1596
1879 1596
1880 1596
1881 1596
1882 1596
1883 1596
1884 1596
1885 1596
1886 1596
1887 1596
1888 1596
1889 1596
1890 1596
1891 1596
1892 1596
1893 1596
1894 1596
1895 1596
1896 1596
1897 1596
1898 1596
1899 1596
1900 1596
1901 1596
1902 1596
1903 1596
1904 1596
1905 1596
1906 1596
1907 1596
1908 1596
1909 1596
1910 1596
1911 1596
1912 1596
1913 1596
1914 1596
1915 1596
1916 1596
1917 1596
1918 1596
1919 1596
1920 1596
1921 1596
1922 1596
1923 1596
1924 1596
1925 1596
1926 1596
1927 1596
1928 1596
1929 1596
1930 1596
1931 1596
1932 1596
1933 1596
1934 1596
1935 1596
1936 1596
1937 1596
1938 1596
1939 1596
1940 1596
1941 1596
1942 1596
1943 1596
1944 1596
1945 1596
1946 1596
1947 1596
1948 1596
1949 1596
1950 1596
1951 1596
1952 1596
1953 1596
1954 1596
1955 1596
1956 1596
1957 1596
1958 1596
1959 1596
1960 1596
1961 1596
1962 1596
1963 1596
1964 1596
1965 1596
1966 1596
1967 1596
1968 1596
1969 1596
1970 1596
1971 1596
1972 1596
1973 1596
1974 1596
1975 1596
1976 1596
1977 1596
1978 1596
1979 1596
1980 1596
1981 1596
1982 1596
1983 1596
1984 1596
1985 1596
1986 1596
1987 1596
1988 1596
1989 1596
1990 1596
1991 1596
1992 1596
1993 1596
1994 1596
1995 1596
1996 1596
1997 1596
1998 1596
1999 1596
