.500 .001 1.000000
.500 .002 1.000000
.500 .003 1.000000
.500 .004 1.000000
.500 .005 1.000000
.500 .006 1.000000
.500 .007 1.000000
.500 .008 1.000000
.500 .009 1.000000
.500 .010 1.000000
.500 .011 0.900000
.500 .012 1.000000
.500 .013 1.000000
.500 .014 1.000000
.500 .015 1.000000
.500 .016 1.000000
.500 .017 1.000000
.500 .018 1.000000
.500 .019 1.000000
.500 .020 1.000000
.500 .021 0.900000
.500 .022 1.000000
.500 .023 1.000000
.500 .024 0.800000
.500 .025 1.000000
.500 .026 1.000000
.500 .027 1.000000
.500 .028 1.000000
.500 .029 0.900000
.500 .030 1.000000
.500 .031 0.900000
.500 .032 0.900000
.500 .033 1.000000
.500 .034 1.000000
.500 .035 0.800000
.500 .036 1.000000
.500 .037 0.800000
.500 .038 0.700000
.500 .039 1.000000
.500 .040 0.700000
.500 .041 0.600000
.500 .042 1.000000
.500 .043 0.800000
.500 .044 0.700000
.500 .045 0.700000
.500 .046 0.800000
.500 .047 0.900000
.500 .048 0.600000
.500 .049 0.100000
.500 .050 0.900000
.500 .051 0.800000
.500 .052 0.100000
.500 .053 0.900000
.500 .054 0.700000
.500 .055 0.600000
.500 .056 0.100000
.500 .057 0.600000
.500 .058 0.700000
.500 .059 0.600000
.500 .060 0.100000
.500 .061 0.700000
.500 .062 0.800000
.500 .063 0.700000
.500 .064 0.100000
.500 .065 0.700000
.500 .066 0.100000
.500 .067 0.100000
.500 .068 0.100000
.500 .069 0.100000
.500 .070 0.300000
.500 .071 0.100000
.500 .072 0.100000
.500 .073 0.100000
.500 .074 0.100000
.500 .075 0.100000
.500 .076 0.100000
.500 .077 0.100000
.500 .078 0.100000
.500 .079 0.100000
.500 .080 0.100000
.500 .081 0.100000
.500 .082 0.100000
.500 .083 0.100000
.500 .084 0.100000
.500 .085 0.100000
.500 .086 0.100000
.500 .087 0.100000
.500 .088 0.100000
.500 .089 0.100000
.500 .090 0.100000
.500 .091 0.100000
.500 .092 0.100000
.500 .093 0.100000
.500 .094 0.100000
.500 .095 0.100000
.500 .096 0.100000
.500 .097 0.100000
.500 .098 0.100000
.500 .099 0.100000
.500 .100 0.100000
.500 .101 0.100000
.500 .102 0.100000
.500 .103 0.100000
.500 .104 0.100000
.500 .105 0.100000
.500 .106 0.100000
.500 .107 0.100000
.500 .108 0.100000
.500 .109 0.100000
.500 .110 0.100000
.500 .111 0.100000
.500 .112 0.100000
.500 .113 0.100000
.500 .114 0.100000
.500 .115 0.100000
.500 .116 0.100000
.500 .117 0.100000
.500 .118 0.100000
.500 .119 0.100000
.500 .120 0.100000
.500 .121 0.100000
.500 .122 0.100000
.500 .123 0.100000
.500 .124 0.100000
.500 .125 0.100000
.500 .126 0.100000
.500 .127 0.100000
.500 .128 0.100000
.500 .129 0.100000
.500 .130 0.100000
.500 .131 0.100000
.500 .132 0.100000
.500 .133 0.100000
.500 .134 0.100000
.500 .135 0.100000
.500 .136 0.100000
.500 .137 0.100000
.500 .138 0.100000
.500 .139 0.100000
.500 .140 0.100000
.500 .141 0.100000
.500 .142 0.100000
.500 .143 0.100000
.500 .144 0.100000
.500 .145 0.100000
.500 .146 0.100000
.500 .147 0.100000
.500 .148 0.100000
.500 .149 0.100000
.500 .150 0.100000
.500 .151 0.100000
.500 .152 0.100000
.500 .153 0.100000
.500 .154 0.100000
.500 .155 0.100000
.500 .156 0.100000
.500 .157 0.100000
.500 .158 0.100000
.500 .159 0.100000
.500 .160 0.100000
.500 .161 0.100000
.500 .162 0.100000
.500 .163 0.100000
.500 .164 0.100000
.500 .165 0.100000
.500 .166 0.100000
.500 .167 0.100000
.500 .168 0.100000
.500 .169 0.100000
.500 .170 0.100000
.500 .171 0.100000
.500 .172 0.100000
.500 .173 0.100000
.500 .174 0.100000
.500 .175 0.100000
.500 .176 0.100000
.500 .177 0.100000
.500 .178 0.100000
.500 .179 0.100000
.500 .180 0.100000
.500 .181 0.100000
.500 .182 0.100000
.500 .183 0.100000
.500 .184 0.100000
.500 .185 0.100000
.500 .186 0.100000
.500 .187 0.100000
.500 .188 0.100000
.500 .189 0.100000
.500 .190 0.100000
.500 .191 0.100000
.500 .192 0.100000
.500 .193 0.100000
.500 .194 0.100000
.500 .195 0.100000
.500 .196 0.100000
.500 .197 0.100000
.500 .198 0.100000
.500 .199 0.100000
.500 .200 0.100000
.500 .201 0.100000
.500 .202 0.100000
.500 .203 0.100000
.500 .204 0.100000
.500 .205 0.100000
.500 .206 0.100000
.500 .207 0.100000
.500 .208 0.100000
.500 .209 0.100000
.500 .210 0.100000
.500 .211 0.100000
.500 .212 0.100000
.500 .213 0.100000
.500 .214 0.100000
.500 .215 0.100000
.500 .216 0.100000
.500 .217 0.100000
.500 .218 0.100000
.500 .219 0.100000
.500 .220 0.100000
.500 .221 0.100000
.500 .222 0.100000
.500 .223 0.100000
.500 .224 0.100000
.500 .225 0.100000
.500 .226 0.100000
.500 .227 0.100000
.500 .228 0.100000
.500 .229 0.100000
.500 .230 0.100000
.500 .231 0.100000
.500 .232 0.100000
.500 .233 0.100000
.500 .234 0.100000
.500 .235 0.100000
.500 .236 0.100000
.500 .237 0.100000
.500 .238 0.100000
.500 .239 0.100000
.500 .240 0.100000
.500 .241 0.100000
.500 .242 0.100000
.500 .243 0.100000
.500 .244 0.100000
.500 .245 0.100000
.500 .246 0.100000
.500 .247 0.100000
.500 .248 0.100000
.500 .249 0.100000
.500 .250 0.100000
.500 .251 0.100000
.500 .252 0.100000
.500 .253 0.100000
.500 .254 0.100000
.500 .255 0.100000
.500 .256 0.100000
.500 .257 0.100000
.500 .258 0.100000
.500 .259 0.100000
.500 .260 0.100000
.500 .261 0.100000
.500 .262 0.100000
.500 .263 0.100000
.500 .264 0.100000
.500 .265 0.100000
.500 .266 0.100000
.500 .267 0.100000
.500 .268 0.100000
.500 .269 0.100000
.500 .270 0.100000
.500 .271 0.100000
.500 .272 0.100000
.500 .273 0.100000
.500 .274 0.100000
.500 .275 0.100000
.500 .276 0.100000
.500 .277 0.100000
.500 .278 0.100000
.500 .279 0.100000
.500 .280 0.100000
.500 .281 0.100000
.500 .282 0.100000
.500 .283 0.100000
.500 .284 0.100000
.500 .285 0.100000
.500 .286 0.100000
.500 .287 0.100000
.500 .288 0.100000
.500 .289 0.100000
.500 .290 0.100000
.500 .291 0.100000
.500 .292 0.100000
.500 .293 0.100000
.500 .294 0.100000
.500 .295 0.100000
.500 .296 0.100000
.500 .297 0.100000
.500 .298 0.100000
.500 .299 0.100000
.500 .300 0.100000
.500 .301 0.100000
.500 .302 0.100000
.500 .303 0.100000
.500 .304 0.100000
.500 .305 0.100000
.500 .306 0.100000
.500 .307 0.100000
.500 .308 0.100000
.500 .309 0.100000
.500 .310 0.100000
.500 .311 0.100000
.500 .312 0.100000
.500 .313 0.100000
.500 .314 0.100000
.500 .315 0.100000
.500 .316 0.100000
.500 .317 0.100000
.500 .318 0.100000
.500 .319 0.100000
.500 .320 0.100000
.500 .321 0.100000
.500 .322 0.100000
.500 .323 0.100000
.500 .324 0.100000
.500 .325 0.100000
.500 .326 0.100000
.500 .327 0.100000
.500 .328 0.100000
.500 .329 0.100000
.500 .330 0.100000
.500 .331 0.100000
.500 .332 0.100000
.500 .333 0.100000
.500 .334 0.100000
.500 .335 0.100000
.500 .336 0.100000
.500 .337 0.100000
.500 .338 0.100000
.500 .339 0.100000
.500 .340 0.100000
.500 .341 0.100000
.500 .342 0.100000
.500 .343 0.100000
.500 .344 0.100000
.500 .345 0.100000
.500 .346 0.100000
.500 .347 0.100000
.500 .348 0.100000
.500 .349 0.100000
.500 .350 0.100000
.500 .351 0.100000
.500 .352 0.100000
.500 .353 0.100000
.500 .354 0.100000
.500 .355 0.100000
.500 .356 0.100000
.500 .357 0.100000
.500 .358 0.100000
.500 .359 0.100000
.500 .360 0.100000
.500 .361 0.100000
.500 .362 0.100000
.500 .363 0.100000
.500 .364 0.100000
.500 .365 0.100000
.500 .366 0.100000
.500 .367 0.100000
.500 .368 0.100000
.500 .369 0.100000
.500 .370 0.100000
.500 .371 0.100000
.500 .372 0.100000
.500 .373 0.100000
.500 .374 0.100000
.500 .375 0.100000
.500 .376 0.100000
.500 .377 0.100000
.500 .378 0.100000
.500 .379 0.100000
.500 .380 0.100000
.500 .381 0.100000
.500 .382 0.100000
.500 .383 0.100000
.500 .384 0.100000
.500 .385 0.100000
.500 .386 0.100000
.500 .387 0.100000
.500 .388 0.100000
.500 .389 0.100000
.500 .390 0.100000
.500 .391 0.100000
.500 .392 0.100000
.500 .393 0.100000
.500 .394 0.100000
.500 .395 0.100000
.500 .396 0.100000
.500 .397 0.100000
.500 .398 0.100000
.500 .399 0.100000
.500 .400 0.100000
.500 .401 0.100000
.500 .402 0.100000
.500 .403 0.100000
.500 .404 0.100000
.500 .405 0.100000
.500 .406 0.100000
.500 .407 0.100000
.500 .408 0.100000
.500 .409 0.100000
.500 .410 0.100000
.500 .411 0.100000
.500 .412 0.100000
.500 .413 0.100000
.500 .414 0.100000
.500 .415 0.100000
.500 .416 0.100000
.500 .417 0.100000
.500 .418 0.100000
.500 .419 0.100000
.500 .420 0.100000
.500 .421 0.100000
.500 .422 0.100000
.500 .423 0.100000
.500 .424 0.100000
.500 .425 0.100000
.500 .426 0.100000
.500 .427 0.100000
.500 .428 0.100000
.500 .429 0.100000
.500 .430 0.100000
.500 .431 0.100000
.500 .432 0.100000
.500 .433 0.100000
.500 .434 0.100000
.500 .435 0.100000
.500 .436 0.100000
.500 .437 0.100000
.500 .438 0.100000
.500 .439 0.100000
.500 .440 0.100000
.500 .441 0.100000
.500 .442 0.100000
.500 .443 0.100000
.500 .444 0.100000
.500 .445 0.100000
.500 .446 0.100000
.500 .447 0.100000
.500 .448 0.100000
.500 .449 0.100000
.500 .450 0.100000
.500 .451 0.100000
.500 .452 0.100000
.500 .453 0.100000
.500 .454 0.100000
.500 .455 0.100000
.500 .456 0.100000
.500 .457 0.100000
