0 1
1 74
2 3
3 4
4 62
5 6
6 134
7 44
8 9
9 19
10 11
11 324
12 13
13 126
14 280
15 16
16 424
17 18
18 133
19 62
20 21
21 72
22 92
23 24
24 96
25 30
26 40
27 165
28 151
29 40
30 36
31 254
32 438
33 40
34 40
35 62
36 129
37 40
38 40
39 40
40 171
41 42
42 147
43 44
44 362
45 46
46 139
47 48
48 75
49 50
50 84
51 143
52 53
53 232
54 55
55 56
56 59
57 58
58 252
59 408
60 61
61 123
62 63
63 137
64 65
65 457
66 67
67 146
68 69
69 287
70 71
71 84
72 163
73 74
74 218
75 76
76 119
77 78
78 497
79 219
80 81
81 256
82 83
83 282
84 162
85 314
86 128
87 145
88 89
89 96
90 91
91 469
92 520
93 172
94 201
95 201
96 252
97 98
98 99
99 107
100 429
101 120
102 323
103 104
104 295
105 147
106 187
107 279
108 109
109 424
110 375
111 375
112 375
113 114
114 155
115 116
116 336
117 118
118 409
119 427
120 380
121 252
122 123
123 172
124 125
125 353
126 211
127 128
128 199
129 183
130 180
131 132
132 411
133 143
134 340
135 136
136 336
137 138
138 286
139 140
140 446
141 142
142 355
143 375
144 145
145 252
146 147
147 249
148 149
149 191
150 295
151 417
152 153
153 366
154 155
155 213
156 157
157 191
158 159
159 233
160 161
161 363
162 288
163 434
164 216
165 166
166 252
167 168
168 280
169 170
170 470
171 263
172 413
173 327
174 175
175 252
176 177
177 220
178 191
179 181
180 214
181 182
182 213
183 257
184 190
185 353
186 254
187 329
188 189
189 454
190 509
191 342
192 193
193 194
194 195
195 412
196 280
197 199
198 387
199 200
200 440
201 486
202 820
203 280
204 377
205 581
206 346
207 820
208 481
209 210
210 233
211 285
212 249
213 320
214 345
215 295
216 269
217 288
218 459
219 377
220 223
221 316
222 341
223 459
224 468
225 311
226 254
227 695
228 695
229 560
230 375
231 232
232 537
233 234
234 236
235 236
236 238
237 244
238 244
239 243
240 424
241 242
242 564
243 271
244 301
245 318
246 247
247 525
248 301
249 255
250 295
251 336
252 288
253 282
254 282
255 471
256 363
257 278
258 329
259 260
260 400
261 427
262 656
263 417
264 265
265 267
266 565
267 498
268 459
269 288
270 280
271 272
272 448
273 322
274 592
275 276
276 549
277 284
278 343
279 333
280 289
281 552
282 283
283 363
284 377
285 286
286 303
287 800
288 433
289 425
290 419
291 346
292 543
293 362
294 346
295 296
296 393
297 696
298 299
299 418
300 355
301 420
302 303
303 304
304 420
305 552
306 723
307 376
308 424
309 341
310 317
311 341
312 377
313 317
314 317
315 695
316 341
317 695
318 486
319 963
320 321
321 393
322 335
323 404
324 555
325 327
326 538
327 416
328 329
329 410
330 556
331 459
332 406
333 455
334 335
335 592
336 337
337 338
338 438
339 455
340 482
341 560
342 351
343 345
344 381
345 483
346 820
347 352
348 349
349 402
350 572
351 363
352 681
353 354
354 404
355 365
356 357
357 454
358 499
359 360
360 441
361 443
362 498
363 364
364 433
365 434
366 577
367 427
368 393
369 630
370 417
371 495
372 373
373 714
374 441
375 455
376 377
377 393
378 393
379 393
380 385
381 393
382 393
384 393
385 393
386 393
387 393
388 393
389 394
390 393
391 393
392 393
393 394
394 486
395 494
397 719
399 542
400 560
401 621
402 420
403 542
404 422
405 495
406 499
407 499
408 516
409 418
410 490
411 516
412 683
413 440
414 415
415 697
416 971
417 423
418 582
419 542
420 651
421 466
422 601
423 455
424 434
425 426
426 621
427 615
428 429
429 447
430 498
431 756
432 433
433 434
434 450
435 647
436 437
437 455
438 450
440 450
441 498
442 545
443 820
444 455
445 531
446 447
447 448
448 461
450 458
451 452
452 566
453 491
455 464
457 562
458 542
459 560
460 473
461 533
462 463
464 483
465 786
466 529
467 509
468 495
469 478
470 590
471 472
472 610
473 537
474 478
476 478
477 478
478 543
480 638
481 738
482 521
483 556
484 563
485 976
486 611
487 488
488 496
489 528
490 491
491 695
492 510
493 515
494 510
495 606
496 529
497 562
498 506
499 500
500 502
501 569
502 661
503 506
504 765
505 525
506 529
507 513
508 509
509 549
510 754
511 651
513 518
514 971
515 593
516 517
517 743
518 559
519 607
520 635
521 583
522 523
523 829
525 529
526 576
527 547
528 644
529 608
530 538
531 548
532 552
533 616
534 544
535 554
536 546
537 781
538 723
540 549
541 641
542 543
543 688
544 790
545 785
546 615
547 847
548 607
549 550
550 667
551 723
552 738
553 554
554 777
555 720
557 581
558 569
559 769
560 775
562 654
563 572
564 748
565 754
566 569
567 843
569 570
570 661
572 822
573 856
575 851
576 932
577 578
579 592
581 820
582 671
585 813
586 826
587 832
588 600
589 638
590 953
592 760
593 776
596 597
597 695
599 708
600 813
601 812
602 616
605 797
607 695
608 720
610 694
611 623
612 726
613 614
614 742
615 669
617 618
618 820
621 781
623 813
624 651
627 667
632 719
634 635
635 812
638 639
640 937
641 669
642 932
643 963
644 950
645 697
647 685
649 729
651 950
654 783
655 980
661 754
663 679
664 694
665 685
666 823
667 747
669 783
671 747
672 971
674 707
678 747
679 971
681 682
685 815
694 706
695 734
698 809
699 700
700 707
702 932
706 836
707 720
708 748
710 747
712 995
714 813
715 799
717 788
719 841
720 754
723 733
728 733
729 971
733 777
738 809
740 971
745 979
747 971
748 793
749 776
751 820
753 860
754 804
757 980
765 856
767 803
768 935
776 820
777 862
778 971
779 820
789 835
796 828
799 971
801 820
803 826
804 971
805 971
806 809
809 826
812 859
813 817
815 859
816 860
820 856
822 908
823 856
825 923
826 832
828 889
832 859
833 856
841 869
844 971
845 865
847 919
849 859
851 852
856 950
859 880
860 900
880 921
885 887
891 892
892 896
893 971
900 914
903 907
907 936
908 917
913 922
914 987
917 918
918 974
919 976
921 930
922 956
925 976
926 927
927 931
929 933
930 931
931 963
932 963
933 956
935 936
936 955
950 963
951 957
953 997
958 962
971 973
976 981
990 1001
