.500 .001 1.000000 1.000000
.500 .002 1.000000 1.000000
.500 .003 1.000000 1.000000
.500 .004 1.000000 1.000000
.500 .005 1.000000 1.000000
.500 .006 1.000000 1.000000
.500 .007 1.000000 1.000000
.500 .008 1.000000 1.000000
.500 .009 1.000000 1.000000
.500 .010 1.000000 1.000000
.500 .011 1.000000 1.000000
.500 .012 1.000000 1.000000
.500 .013 1.000000 1.000000
.500 .014 1.000000 1.000000
.500 .015 1.000000 0.900000
.500 .016 1.000000 0.900000
.500 .017 1.000000 1.000000
.500 .018 1.000000 1.000000
.500 .019 1.000000 1.000000
.500 .020 1.000000 0.900000
.500 .021 1.000000 1.000000
.500 .022 1.000000 0.900000
.500 .023 1.000000 0.700000
.500 .024 1.000000 1.000000
.500 .025 1.000000 1.000000
.500 .026 1.000000 1.000000
.500 .027 1.000000 1.000000
.500 .028 1.000000 0.900000
.500 .029 1.000000 1.000000
.500 .030 1.000000 0.800000
.500 .031 1.000000 0.800000
.500 .032 1.000000 0.800000
.500 .033 1.000000 0.700000
.500 .034 1.000000 0.900000
.500 .035 1.000000 0.800000
.500 .036 1.000000 1.000000
.500 .037 1.000000 0.900000
.500 .038 1.000000 1.000000
.500 .039 1.000000 0.900000
.500 .040 1.000000 0.900000
.500 .041 1.000000 0.900000
.500 .042 1.000000 1.000000
.500 .043 1.000000 0.900000
.500 .044 1.000000 0.900000
.500 .045 1.000000 0.800000
.500 .046 1.000000 0.800000
.500 .047 1.000000 0.100000
.500 .048 1.000000 0.500000
.500 .049 1.000000 0.800000
.500 .050 1.000000 0.700000
.500 .051 1.000000 0.100000
.500 .052 1.000000 0.100000
.500 .053 1.000000 0.700000
.500 .054 1.000000 0.900000
.500 .055 1.000000 0.100000
.500 .056 1.000000 0.400000
.500 .057 1.000000 0.100000
.500 .058 1.000000 0.100000
.500 .059 1.000000 0.500000
.500 .060 1.000000 0.600000
.500 .061 1.000000 0.100000
.500 .062 1.000000 0.100000
.500 .063 1.000000 0.100000
.500 .064 1.000000 0.100000
.500 .065 1.000000 0.100000
.500 .066 1.000000 0.100000
.500 .067 1.000000 0.100000
.500 .068 1.000000 0.100000
.500 .069 1.000000 0.599800
.500 .070 1.000000 0.100000
.500 .071 1.000000 0.100000
.500 .072 1.000000 0.100000
.500 .073 1.000000 0.100000
.500 .074 1.000000 0.100000
.500 .075 1.000000 0.100000
.500 .076 1.000000 0.100000
.500 .077 1.000000 0.100000
.500 .078 1.000000 0.100000
.500 .079 1.000000 0.100000
.500 .080 1.000000 0.100000
.500 .081 1.000000 0.100000
.500 .082 1.000000 0.100000
.500 .083 1.000000 0.100000
.500 .084 1.000000 0.100000
.500 .085 1.000000 0.100000
.500 .086 1.000000 0.100000
.500 .087 1.000000 0.100000
.500 .088 1.000000 0.100000
.500 .089 1.000000 0.100000
.500 .090 1.000000 0.100000
.500 .091 1.000000 0.100000
.500 .092 1.000000 0.100000
.500 .093 1.000000 0.100000
.500 .094 1.000000 0.100000
.500 .095 1.000000 0.100000
.500 .096 1.000000 0.100000
.500 .097 1.000000 0.100000
.500 .098 1.000000 0.100000
.500 .099 1.000000 0.100000
.500 .100 1.000000 0.100000
.500 .101 1.000000 0.100000
.500 .102 1.000000 0.100000
.500 .103 1.000000 0.100000
.500 .104 1.000000 0.100000
.500 .105 1.000000 0.100000
.500 .106 1.000000 0.100000
.500 .107 1.000000 0.100000
.500 .108 1.000000 0.100000
.500 .109 1.000000 0.100000
.500 .110 1.000000 0.100000
.500 .111 1.000000 0.100000
.500 .112 1.000000 0.100000
.500 .113 1.000000 0.100000
.500 .114 1.000000 0.100000
.500 .115 1.000000 0.100000
.500 .116 1.000000 0.100000
.500 .117 1.000000 0.100000
.500 .118 1.000000 0.100000
.500 .119 1.000000 0.100000
.500 .120 1.000000 0.100000
.500 .121 1.000000 0.100000
.500 .122 1.000000 0.100000
.500 .123 1.000000 0.100000
.500 .124 1.000000 0.100000
.500 .125 1.000000 0.100000
.500 .126 1.000000 0.100000
.500 .127 1.000000 0.100000
.500 .128 1.000000 0.100000
.500 .129 1.000000 0.100000
.500 .130 1.000000 0.100000
.500 .131 1.000000 0.100000
.500 .132 1.000000 0.100000
.500 .133 1.000000 0.100000
.500 .134 1.000000 0.100000
.500 .135 1.000000 0.100000
.500 .136 1.000000 0.100000
.500 .137 1.000000 0.100000
.500 .138 1.000000 0.100000
.500 .139 1.000000 0.100000
.500 .140 1.000000 0.100000
.500 .141 1.000000 0.100000
.500 .142 1.000000 0.100000
.500 .143 1.000000 0.100000
.500 .144 1.000000 0.100000
.500 .145 1.000000 0.100000
.500 .146 1.000000 0.100000
.500 .147 1.000000 0.100000
.500 .148 1.000000 0.100000
.500 .149 1.000000 0.100000
.500 .150 1.000000 0.100000
.500 .151 1.000000 0.100000
.500 .152 1.000000 0.100000
.500 .153 1.000000 0.100000
.500 .154 1.000000 0.100000
.500 .155 1.000000 0.100000
.500 .156 1.000000 0.100000
.500 .157 1.000000 0.100000
.500 .158 1.000000 0.100000
.500 .159 1.000000 0.100000
.500 .160 1.000000 0.100000
.500 .161 1.000000 0.100000
.500 .162 1.000000 0.100000
.500 .163 1.000000 0.100000
.500 .164 1.000000 0.100000
.500 .165 1.000000 0.100000
.500 .166 1.000000 0.100000
.500 .167 1.000000 0.100000
.500 .168 1.000000 0.100000
.500 .169 1.000000 0.100000
.500 .170 1.000000 0.100000
.500 .171 1.000000 0.100000
.500 .172 1.000000 0.100000
.500 .173 1.000000 0.100000
.500 .174 1.000000 0.100000
.500 .175 1.000000 0.100000
.500 .176 1.000000 0.100000
.500 .177 1.000000 0.100000
.500 .178 1.000000 0.100000
.500 .179 1.000000 0.100000
.500 .180 1.000000 0.100000
.500 .181 1.000000 0.100000
.500 .182 1.000000 0.100000
.500 .183 1.000000 0.100000
.500 .184 1.000000 0.100000
.500 .185 1.000000 0.100000
.500 .186 1.000000 0.100000
.500 .187 1.000000 0.100000
.500 .188 1.000000 0.100000
.500 .189 1.000000 0.100000
.500 .190 1.000000 0.100000
.500 .191 1.000000 0.100000
.500 .192 1.000000 0.100000
.500 .193 1.000000 0.100000
.500 .194 1.000000 0.100000
.500 .195 1.000000 0.100000
.500 .196 1.000000 0.100000
.500 .197 1.000000 0.100000
.500 .198 1.000000 0.100000
.500 .199 1.000000 0.100000
.500 .200 1.000000 0.100000
.500 .201 1.000000 0.100000
.500 .202 1.000000 0.100000
.500 .203 1.000000 0.100000
.500 .204 1.000000 0.100000
.500 .205 1.000000 0.100000
.500 .206 1.000000 0.100000
.500 .207 1.000000 0.100000
.500 .208 1.000000 0.100000
.500 .209 1.000000 0.100000
.500 .210 1.000000 0.100000
.500 .211 1.000000 0.100000
.500 .212 1.000000 0.100000
.500 .213 1.000000 0.100000
.500 .214 1.000000 0.100000
.500 .215 1.000000 0.100000
.500 .216 1.000000 0.100000
.500 .217 1.000000 0.100000
.500 .218 1.000000 0.100000
.500 .219 1.000000 0.100000
.500 .220 1.000000 0.100000
.500 .221 1.000000 0.100000
.500 .222 1.000000 0.100000
.500 .223 1.000000 0.100000
.500 .224 1.000000 0.100000
.500 .225 1.000000 0.100000
.500 .226 1.000000 0.100000
.500 .227 1.000000 0.100000
.500 .228 1.000000 0.100000
.500 .229 1.000000 0.100000
.500 .230 1.000000 0.100000
.500 .231 1.000000 0.100000
.500 .232 1.000000 0.100000
.500 .233 1.000000 0.100000
.500 .234 1.000000 0.100000
.500 .235 1.000000 0.100000
.500 .236 1.000000 0.100000
.500 .237 1.000000 0.100000
.500 .238 1.000000 0.100000
.500 .239 1.000000 0.100000
.500 .240 1.000000 0.100000
.500 .241 1.000000 0.100000
.500 .242 1.000000 0.100000
.500 .243 1.000000 0.100000
.500 .244 1.000000 0.100000
.500 .245 1.000000 0.100000
.500 .246 1.000000 0.100000
.500 .247 1.000000 0.100000
.500 .248 1.000000 0.100000
.500 .249 1.000000 0.100000
.500 .250 1.000000 0.100000
.500 .251 1.000000 0.100000
.500 .252 1.000000 0.100000
.500 .253 1.000000 0.100000
.500 .254 1.000000 0.100000
.500 .255 1.000000 0.100000
.500 .256 1.000000 0.100000
.500 .257 1.000000 0.100000
.500 .258 1.000000 0.100000
.500 .259 1.000000 0.100000
.500 .260 1.000000 0.100000
.500 .261 1.000000 0.100000
.500 .262 1.000000 0.100000
.500 .263 1.000000 0.100000
.500 .264 0.891178 0.100000
.500 .265 1.000000 0.100000
.500 .266 1.000000 0.100000
.500 .267 1.000000 0.100000
.500 .268 1.000000 0.100000
.500 .269 1.000000 0.100000
.500 .270 1.000000 0.100000
.500 .271 1.000000 0.100000
.500 .272 1.000000 0.100000
.500 .273 1.000000 0.100000
.500 .274 1.000000 0.100000
.500 .275 1.000000 0.100000
.500 .276 1.000000 0.100000
.500 .277 1.000000 0.100000
.500 .278 1.000000 0.100000
.500 .279 1.000000 0.100000
.500 .280 1.000000 0.100000
.500 .281 1.000000 0.100000
.500 .282 1.000000 0.100000
.500 .283 1.000000 0.100000
.500 .284 1.000000 0.100000
.500 .285 1.000000 0.100000
.500 .286 1.000000 0.100000
.500 .287 1.000000 0.100000
.500 .288 1.000000 0.100000
.500 .289 1.000000 0.100000
.500 .290 1.000000 0.100000
.500 .291 1.000000 0.100000
.500 .292 1.000000 0.100000
.500 .293 1.000000 0.100000
.500 .294 1.000000 0.100000
.500 .295 1.000000 0.100000
.500 .296 1.000000 0.100000
.500 .297 1.000000 0.100000
.500 .298 1.000000 0.100000
.500 .299 1.000000 0.100000
.500 .300 1.000000 0.100000
.500 .301 1.000000 0.100000
.500 .302 0.891178 0.100000
.500 .303 1.000000 0.100000
.500 .304 1.000000 0.100000
.500 .305 1.000000 0.100000
.500 .306 1.000000 0.100000
.500 .307 0.891178 0.100000
.500 .308 1.000000 0.100000
.500 .309 0.891178 0.100000
.500 .310 1.000000 0.100000
.500 .311 0.890778 0.100000
.500 .312 0.890978 0.100000
.500 .313 1.000000 0.100000
.500 .314 0.890978 0.100000
.500 .315 0.792517 0.100000
.500 .316 0.792917 0.100000
.500 .317 0.793117 0.100000
.500 .318 0.890578 0.100000
.500 .319 0.891178 0.100000
.500 .320 0.890978 0.100000
.500 .321 0.890978 0.100000
.500 .322 0.891178 0.100000
.500 .323 0.891178 0.100000
.500 .324 0.890978 0.100000
.500 .325 0.891178 0.100000
.500 .326 0.890778 0.100000
.500 .327 0.891178 0.100000
.500 .328 0.792917 0.100000
.500 .329 0.792717 0.100000
.500 .330 0.890778 0.100000
.500 .331 0.890578 0.100000
.500 .332 0.792917 0.100000
.500 .333 0.890578 0.100000
.500 .334 0.694878 0.100000
.500 .335 0.890578 0.100000
.500 .336 0.792517 0.100000
.500 .337 0.792917 0.100000
.500 .338 0.692877 0.100000
.500 .339 0.890778 0.100000
.500 .340 0.792317 0.100000
.500 .341 0.694478 0.100000
.500 .342 0.890978 0.100000
.500 .343 0.595438 0.100000
.500 .344 0.693477 0.100000
.500 .345 0.792117 0.100000
.500 .346 0.693878 0.100000
.500 .347 0.791717 0.100000
.500 .348 0.792717 0.100000
.500 .349 0.792517 0.100000
.500 .350 0.694678 0.100000
.500 .351 0.497599 0.100000
.500 .352 0.594957 0.100000
.500 .353 0.594838 0.100000
.500 .354 0.595838 0.100000
.500 .355 0.595757 0.100000
.500 .356 0.497498 0.100000
.500 .357 0.792317 0.100000
.500 .358 0.496797 0.100000
.500 .359 0.595838 0.100000
.500 .360 0.693616 0.100000
.500 .361 0.398359 0.100000
.500 .362 0.298179 0.100000
.500 .363 0.297919 0.100000
.500 .364 0.497999 0.100000
.500 .365 0.595357 0.100000
.500 .366 0.595438 0.100000
.500 .367 0.399440 0.100000
.500 .368 0.497699 0.100000
.500 .369 0.398239 0.100000
.500 .370 0.595557 0.100000
.500 .371 0.495697 0.100000
.500 .372 0.398039 0.100000
.500 .373 0.299180 0.100000
.500 .374 0.397238 0.100000
.500 .375 0.299380 0.100000
.500 .376 0.397438 0.100000
.500 .377 0.398239 0.100000
.500 .378 0.298579 0.100000
.500 .379 0.298779 0.100000
.500 .380 0.493296 0.100000
.500 .381 0.202121 0.100000
.500 .382 0.296778 0.100000
.500 .383 0.197919 0.100000
.500 .384 0.398439 0.100000
.500 .385 0.199960 0.100000
.500 .386 0.299640 0.100000
.500 .387 0.198119 0.100000
.500 .388 0.102061 0.100000
.500 .389 0.395037 0.100000
.500 .390 0.128303 0.100000
.500 .391 0.198719 0.100000
.500 .392 0.100460 0.100000
.500 .393 0.100881 0.100000
.500 .394 0.297779 0.100000
.500 .395 0.199159 0.100000
.500 .396 0.099860 0.100000
.500 .397 0.198959 0.100000
.500 .398 0.198359 0.100000
.500 .399 0.198559 0.100000
.500 .400 0.199119 0.100000
.500 .401 0.099880 0.100000
.500 .402 0.101681 0.100000
.500 .403 0.099880 0.100000
.500 .404 0.099880 0.100000
.500 .405 0.099880 0.100000
.500 .406 0.099880 0.100000
.500 .407 0.102662 0.100000
.500 .408 0.100681 0.100000
.500 .409 0.099860 0.100000
.500 .410 0.099880 0.100000
.500 .411 0.099880 0.100000
.500 .412 0.099880 0.100000
.500 .413 0.099860 0.100000
.500 .414 0.099880 0.100000
.500 .415 0.099880 0.100000
.500 .416 0.099880 0.100000
.500 .417 0.099880 0.100000
.500 .418 0.099880 0.100000
.500 .419 0.099880 0.100000
.500 .420 0.099900 0.100000
.500 .421 0.099880 0.100000
.500 .422 0.099900 0.100000
.500 .423 0.099900 0.100000
.500 .424 0.099900 0.100000
.500 .425 0.099880 0.100000
.500 .426 0.099880 0.100000
.500 .427 0.099860 0.100000
.500 .428 0.099880 0.100000
.500 .429 0.099880 0.100000
