.500 .400 1,756 1,357
.500 .400 2,679 1,928
.500 .400 3,672 2,691
.500 .400 4,929 3,482
.500 .400 6,113 4,418
.500 .400 7,670 5,183
.500 .400 9,287 6,283
.500 .400 11,265 7,698
.500 .400 13,469 9,262
.500 .400 15,261 10,579
.500 .400 17,861 12,194
.500 .400 20,232 13,954
.500 .400 23,690 15,766
.500 .400 26,631 17,957
.500 .400 29,638 19,490
.500 .400 33,066 21,655
.500 .400 37,371 23,690
.500 .400 40,707 26,962
.500 .400 44,597 30,298
.500 .400 48,763 31,791
.500 .400 55,489 36,383
.500 .400 59,323 37,113
.500 .400 .0,090 0,001
.500 .400 .0,002 0,001
.500 .400 .0,002 0,001
.500 .400 .0,002 0,002
.500 .400 .0,003 0,001
.500 .400 .0,002 0,002
