0 2
0 4
0 5
0 12
0 15
0 18
0 23
0 27
0 28
0 31
0 34
0 36
0 46
0 53
0 56
0 57
0 62
0 67
0 72
0 75
0 76
0 79
0 84
0 88
0 91
0 94
0 96
0 125
0 130
0 141
0 148
0 162
0 185
0 196
0 203
0 207
0 236
0 237
0 246
0 248
0 255
0 275
0 286
0 296
0 297
0 334
0 344
0 359
0 361
1 8
1 11
1 12
1 15
1 16
1 18
1 27
1 38
1 45
1 46
1 50
1 52
1 54
1 56
1 59
1 65
1 69
1 75
1 78
1 86
1 87
1 89
1 90
1 91
1 92
1 94
1 95
1 97
1 98
1 104
1 107
1 123
1 132
1 136
1 141
1 143
1 147
1 164
1 165
1 167
1 169
1 178
1 186
1 187
1 208
1 216
1 222
1 227
1 242
1 264
1 277
1 296
1 298
1 307
1 331
1 345
1 359
1 388
1 395
1 399
2 3
2 6
2 7
2 10
2 11
2 12
2 13
2 14
2 19
2 31
2 37
2 41
2 43
2 44
2 45
2 47
2 48
2 53
2 55
2 60
2 67
2 71
2 74
2 77
2 81
2 82
2 85
2 88
2 89
2 90
2 96
2 100
2 105
2 107
2 124
2 131
2 148
2 153
2 158
2 169
2 181
2 187
2 201
2 212
2 214
2 236
2 237
2 240
2 249
2 263
2 273
2 284
2 290
2 294
2 305
2 321
2 333
2 343
2 346
2 390
3 4
3 5
3 6
3 8
3 10
3 12
3 13
3 14
3 16
3 20
3 23
3 26
3 27
3 29
3 30
3 36
3 37
3 40
3 41
3 42
3 43
3 44
3 53
3 55
3 56
3 66
3 68
3 76
3 77
3 80
3 86
3 87
3 90
3 91
3 94
3 96
3 97
3 106
3 118
3 121
3 151
3 153
3 157
3 182
3 187
3 189
3 191
3 194
3 205
3 222
3 225
3 240
3 248
3 287
3 296
3 299
3 307
3 345
3 365
3 368
3 373
3 379
3 382
3 383
3 399
4 11
4 13
4 14
4 16
4 25
4 29
4 30
4 33
4 42
4 44
4 45
4 53
4 54
4 55
4 56
4 61
4 65
4 69
4 70
4 72
4 73
4 75
4 79
4 80
4 86
4 87
4 96
4 98
4 99
4 123
4 125
4 134
4 136
4 155
4 161
4 167
4 172
4 181
4 184
4 185
4 186
4 197
4 210
4 245
4 276
4 280
4 283
4 295
4 306
4 315
4 334
4 338
4 356
4 358
4 378
4 379
4 383
4 396
5 8
5 10
5 15
5 16
5 18
5 21
5 28
5 31
5 33
5 35
5 36
5 47
5 48
5 55
5 58
5 60
5 61
5 63
5 65
5 67
5 79
5 80
5 92
5 95
5 99
5 130
5 135
5 150
5 157
5 186
5 188
5 194
5 198
5 205
5 210
5 217
5 239
5 241
5 256
5 262
5 266
5 331
5 338
5 360
5 370
5 383
5 396
5 398
6 9
6 17
6 29
6 30
6 31
6 32
6 34
6 35
6 39
6 52
6 53
6 55
6 61
6 62
6 68
6 69
6 72
6 74
6 82
6 83
6 85
6 86
6 87
6 89
6 102
6 105
6 108
6 142
6 183
6 188
6 225
6 255
6 263
6 270
6 278
6 279
6 288
6 300
6 319
6 324
6 327
6 328
6 335
6 344
6 358
6 365
6 369
6 371
6 378
6 382
6 387
6 395
6 397
7 8
7 11
7 12
7 13
7 17
7 22
7 23
7 24
7 26
7 27
7 38
7 39
7 41
7 42
7 47
7 51
7 54
7 64
7 68
7 73
7 77
7 80
7 81
7 85
7 87
7 90
7 93
7 94
7 95
7 99
7 100
7 169
7 172
7 187
7 190
7 195
7 201
7 207
7 222
7 235
7 237
7 248
7 254
7 265
7 273
7 280
7 302
7 307
7 310
7 311
7 312
7 320
7 342
7 365
7 366
7 383
7 387
7 388
8 9
8 14
8 18
8 20
8 22
8 27
8 34
8 35
8 36
8 37
8 38
8 40
8 44
8 45
8 51
8 54
8 62
8 64
8 67
8 72
8 73
8 74
8 83
8 84
8 85
8 86
8 90
8 91
8 92
8 94
8 99
8 106
8 107
8 114
8 119
8 124
8 126
8 137
8 140
8 143
8 154
8 158
8 171
8 196
8 197
8 221
8 238
8 249
8 251
8 252
8 272
8 275
8 278
8 285
8 288
8 297
8 301
8 315
8 325
8 339
8 347
8 357
8 381
8 387
8 394
9 11
9 18
9 25
9 28
9 31
9 32
9 37
9 41
9 45
9 47
9 49
9 50
9 54
9 55
9 57
9 63
9 65
9 67
9 69
9 71
9 72
9 73
9 81
9 86
9 88
9 89
9 91
9 99
9 105
9 135
9 198
9 204
9 213
9 219
9 232
9 234
9 253
9 254
9 276
9 286
9 299
9 306
9 338
9 344
9 347
9 350
9 358
9 370
9 376
9 393
9 398
10 11
10 12
10 16
10 20
10 24
10 30
10 32
10 34
10 36
10 38
10 42
10 53
10 55
10 56
10 62
10 70
10 73
10 74
10 79
10 80
10 81
10 86
10 91
10 95
10 96
10 103
10 106
10 112
10 122
10 124
10 131
10 132
10 134
10 137
10 140
10 144
10 164
10 190
10 204
10 208
10 218
10 223
10 234
10 249
10 256
10 277
10 280
10 284
10 294
10 303
10 314
10 337
10 350
10 357
10 359
10 369
10 378
10 381
10 391
10 393
10 399
11 14
11 20
11 24
11 29
11 33
11 34
11 35
11 41
11 47
11 49
11 52
11 55
11 56
11 59
11 65
11 69
11 75
11 77
11 78
11 79
11 85
11 91
11 93
11 113
11 153
11 154
11 160
11 169
11 170
11 175
11 178
11 222
11 228
11 240
11 241
11 262
11 272
11 275
11 279
11 284
11 306
11 311
11 314
11 316
11 322
11 343
11 347
11 351
11 358
11 368
12 14
12 16
12 22
12 23
12 28
12 35
12 46
12 49
12 54
12 55
12 56
12 57
12 67
12 68
12 69
12 72
12 82
12 83
12 86
12 98
12 136
12 140
12 148
12 157
12 194
12 201
12 224
12 235
12 240
12 286
12 292
12 294
12 310
12 321
12 343
12 350
12 351
12 357
12 358
12 384
12 399
13 20
13 23
13 24
13 27
13 31
13 33
13 36
13 39
13 40
13 41
13 42
13 46
13 47
13 48
13 52
13 53
13 55
13 57
13 60
13 68
13 73
13 75
13 77
13 84
13 85
13 87
13 96
13 99
13 104
13 113
13 135
13 149
13 155
13 158
13 176
13 204
13 206
13 209
13 223
13 241
13 245
13 247
13 259
13 265
13 267
13 281
13 283
13 284
13 302
13 307
13 310
13 311
13 317
13 358
13 367
13 368
13 377
13 379
13 380
13 398
14 17
14 18
14 23
14 26
14 35
14 37
14 42
14 45
14 58
14 62
14 66
14 77
14 78
14 80
14 81
14 82
14 83
14 88
14 90
14 91
14 92
14 95
14 104
14 117
14 130
14 183
14 205
14 210
14 218
14 223
14 224
14 227
14 239
14 249
14 250
14 260
14 266
14 271
14 273
14 278
14 299
14 306
14 312
14 334
14 337
14 340
14 341
14 346
14 357
14 369
14 382
14 389
14 390
14 397
14 399
15 16
15 17
15 27
15 30
15 34
15 37
15 41
15 43
15 44
15 56
15 57
15 65
15 69
15 71
15 75
15 76
15 81
15 86
15 87
15 89
15 98
15 100
15 102
15 108
15 120
15 145
15 163
15 168
15 180
15 181
15 189
15 199
15 200
15 201
15 214
15 226
15 241
15 244
15 251
15 253
15 261
15 269
15 272
15 274
15 278
15 279
15 285
15 290
15 293
15 295
15 302
15 314
15 321
15 333
15 340
15 352
15 356
15 357
15 369
15 389
15 394
15 398
16 18
16 26
16 34
16 36
16 41
16 46
16 55
16 57
16 58
16 61
16 64
16 65
16 68
16 71
16 80
16 84
16 85
16 86
16 87
16 103
16 126
16 133
16 148
16 150
16 162
16 190
16 196
16 197
16 201
16 211
16 216
16 229
16 237
16 241
16 244
16 257
16 260
16 265
16 266
16 271
16 272
16 275
16 277
16 287
16 292
16 305
16 331
16 339
16 343
16 345
16 359
16 361
16 381
16 394
16 395
17 18
17 20
17 25
17 28
17 31
17 32
17 37
17 39
17 43
17 45
17 49
17 50
17 51
17 52
17 53
17 60
17 66
17 68
17 70
17 71
17 73
17 74
17 79
17 80
17 89
17 94
17 96
17 100
17 105
17 131
17 134
17 142
17 148
17 158
17 163
17 170
17 173
17 179
17 202
17 208
17 227
17 252
17 253
17 254
17 263
17 269
17 280
17 283
17 295
17 308
17 318
17 320
17 322
17 323
17 329
17 330
17 359
17 366
17 370
17 389
17 397
18 19
18 21
18 24
18 25
18 26
18 28
18 30
18 33
18 34
18 36
18 41
18 43
18 49
18 50
18 52
18 56
18 58
18 65
18 66
18 68
18 74
18 76
18 77
18 80
18 81
18 85
18 87
18 92
18 94
18 106
18 112
18 118
18 119
18 121
18 142
18 151
18 152
18 162
18 164
18 186
18 197
18 204
18 213
18 221
18 222
18 233
18 240
18 242
18 250
18 265
18 290
18 338
18 340
18 352
18 382
18 390
19 20
19 22
19 28
19 32
19 34
19 36
19 41
19 45
19 46
19 47
19 48
19 52
19 57
19 62
19 64
19 66
19 69
19 71
19 75
19 76
19 78
19 80
19 91
19 93
19 95
19 98
19 102
19 126
19 132
19 134
19 136
19 140
19 161
19 183
19 187
19 189
19 193
19 194
19 195
19 198
19 205
19 210
19 217
19 219
19 241
19 253
19 267
19 271
19 273
19 277
19 332
19 338
19 340
19 343
19 353
19 361
19 366
19 378
19 386
19 392
19 397
20 24
20 25
20 26
20 30
20 32
20 37
20 42
20 44
20 47
20 48
20 53
20 56
20 60
20 66
20 69
20 71
20 72
20 75
20 76
20 88
20 89
20 92
20 93
20 95
20 98
20 100
20 101
20 111
20 119
20 153
20 157
20 166
20 170
20 174
20 181
20 185
20 197
20 229
20 231
20 242
20 249
20 257
20 260
20 261
20 308
20 326
20 333
20 335
20 342
20 370
20 374
20 386
20 391
20 397
20 398
21 28
21 31
21 35
21 40
21 42
21 43
21 47
21 55
21 58
21 62
21 66
21 68
21 73
21 76
21 77
21 78
21 82
21 84
21 91
21 99
21 103
21 118
21 125
21 134
21 135
21 140
21 154
21 159
21 160
21 162
21 174
21 189
21 206
21 208
21 214
21 225
21 227
21 232
21 238
21 244
21 247
21 262
21 267
21 272
21 273
21 300
21 307
21 310
21 311
21 347
21 364
21 374
21 387
21 394
22 31
22 32
22 34
22 35
22 37
22 39
22 40
22 41
22 42
22 43
22 46
22 48
22 49
22 50
22 54
22 59
22 61
22 65
22 69
22 78
22 82
22 83
22 84
22 85
22 86
22 88
22 92
22 98
22 102
22 106
22 107
22 108
22 119
22 134
22 156
22 157
22 161
22 164
22 171
22 176
22 178
22 180
22 186
22 193
22 212
22 229
22 263
22 264
22 279
22 299
22 302
22 303
22 309
22 314
22 318
22 334
22 344
22 346
22 353
22 359
22 369
22 372
22 387
22 390
23 25
23 29
23 37
23 39
23 40
23 45
23 52
23 60
23 61
23 67
23 71
23 72
23 80
23 94
23 101
23 120
23 131
23 133
23 161
23 176
23 179
23 181
23 208
23 213
23 224
23 233
23 238
23 243
23 261
23 267
23 272
23 291
23 313
23 348
23 349
23 353
23 355
23 362
23 363
23 366
23 371
23 373
24 25
24 32
24 37
24 42
24 67
24 76
24 80
24 81
24 82
24 83
24 85
24 87
24 96
24 105
24 139
24 149
24 150
24 174
24 212
24 214
24 224
24 232
24 233
24 266
24 271
24 285
24 299
24 302
24 305
24 309
24 314
24 319
24 337
24 339
24 347
24 350
24 362
24 390
24 398
25 30
25 31
25 33
25 34
25 44
25 48
25 50
25 55
25 56
25 57
25 59
25 64
25 65
25 69
25 76
25 85
25 90
25 93
25 96
25 99
25 127
25 128
25 138
25 143
25 154
25 157
25 173
25 182
25 196
25 199
25 203
25 204
25 219
25 221
25 251
25 256
25 257
25 264
25 278
25 300
25 305
25 308
25 316
25 318
25 328
25 333
25 338
25 343
25 358
25 363
25 378
25 380
25 384
25 390
26 27
26 29
26 37
26 40
26 43
26 46
26 53
26 55
26 61
26 62
26 63
26 72
26 77
26 80
26 83
26 86
26 93
26 104
26 112
26 113
26 114
26 119
26 120
26 134
26 153
26 161
26 163
26 175
26 179
26 184
26 186
26 220
26 242
26 247
26 248
26 251
26 264
26 285
26 286
26 294
26 296
26 307
26 311
26 318
26 324
26 328
26 333
26 335
26 340
26 341
26 349
26 351
26 363
26 382
26 386
26 399
27 28
27 33
27 34
27 35
27 36
27 38
27 39
27 42
27 43
27 46
27 47
27 53
27 55
27 59
27 61
27 69
27 73
27 74
27 75
27 81
27 82
27 86
27 88
27 96
27 108
27 125
27 128
27 133
27 134
27 137
27 138
27 145
27 179
27 196
27 198
27 216
27 226
27 230
27 231
27 232
27 245
27 262
27 267
27 286
27 298
27 301
27 308
27 318
27 326
27 334
27 346
27 359
27 372
27 374
27 376
27 389
28 31
28 34
28 36
28 40
28 43
28 53
28 56
28 57
28 64
28 77
28 84
28 86
28 87
28 89
28 95
28 97
28 98
28 124
28 126
28 139
28 148
28 150
28 153
28 160
28 165
28 169
28 183
28 195
28 208
28 223
28 230
28 235
28 236
28 238
28 239
28 251
28 252
28 253
28 254
28 279
28 299
28 300
28 308
28 316
28 320
28 321
28 323
28 340
28 341
28 346
28 348
28 363
28 366
28 380
28 384
29 30
29 40
29 42
29 44
29 50
29 59
29 64
29 70
29 73
29 74
29 84
29 85
29 86
29 90
29 93
29 101
29 112
29 115
29 135
29 140
29 143
29 168
29 189
29 195
29 204
29 219
29 225
29 229
29 234
29 246
29 255
29 258
29 271
29 278
29 284
29 305
29 307
29 311
29 335
29 354
29 367
29 368
29 378
29 381
29 384
29 388
30 33
30 36
30 39
30 40
30 43
30 44
30 47
30 49
30 50
30 56
30 62
30 66
30 77
30 79
30 81
30 94
30 98
30 103
30 130
30 136
30 168
30 197
30 206
30 256
30 268
30 283
30 294
30 296
30 300
30 304
30 321
30 329
30 331
30 338
30 347
30 368
30 373
30 385
31 32
31 33
31 35
31 36
31 38
31 51
31 52
31 56
31 61
31 62
31 64
31 66
31 71
31 74
31 78
31 80
31 82
31 84
31 95
31 99
31 112
31 120
31 122
31 147
31 159
31 161
31 174
31 190
31 193
31 198
31 208
31 213
31 235
31 236
31 241
31 258
31 267
31 276
31 278
31 279
31 285
31 288
31 289
31 296
31 322
31 327
31 355
31 358
31 378
31 387
32 35
32 37
32 43
32 48
32 50
32 51
32 55
32 56
32 57
32 62
32 65
32 67
32 68
32 75
32 76
32 77
32 79
32 80
32 83
32 85
32 87
32 88
32 90
32 98
32 104
32 109
32 118
32 120
32 124
32 127
32 139
32 153
32 155
32 160
32 166
32 190
32 193
32 196
32 216
32 232
32 240
32 264
32 280
32 284
32 290
32 291
32 298
32 303
32 304
32 313
32 328
32 330
32 338
32 360
32 370
32 373
32 374
32 379
32 388
32 397
33 35
33 41
33 43
33 44
33 55
33 61
33 63
33 69
33 70
33 76
33 77
33 80
33 89
33 95
33 96
33 105
33 135
33 138
33 155
33 165
33 167
33 170
33 178
33 199
33 203
33 215
33 234
33 243
33 245
33 257
33 267
33 296
33 324
33 329
33 340
33 350
33 352
33 356
33 363
33 367
33 371
33 374
33 383
33 398
34 37
34 38
34 40
34 44
34 47
34 50
34 51
34 52
34 53
34 54
34 55
34 56
34 64
34 69
34 75
34 81
34 83
34 84
34 85
34 86
34 87
34 88
34 89
34 91
34 92
34 95
34 99
34 116
34 127
34 143
34 161
34 170
34 174
34 195
34 197
34 198
34 205
34 207
34 239
34 240
34 253
34 261
34 271
34 277
34 282
34 285
34 299
34 319
34 323
34 341
34 343
34 350
34 356
34 379
34 395
35 44
35 45
35 49
35 50
35 51
35 53
35 55
35 57
35 59
35 61
35 62
35 71
35 72
35 73
35 74
35 77
35 80
35 81
35 82
35 84
35 88
35 93
35 94
35 95
35 97
35 103
35 111
35 121
35 132
35 158
35 163
35 168
35 169
35 173
35 197
35 200
35 217
35 232
35 240
35 247
35 253
35 259
35 266
35 276
35 283
35 287
35 290
35 292
35 293
35 302
35 311
35 312
35 313
35 314
35 335
35 338
35 353
35 354
35 369
35 370
35 380
35 382
36 45
36 47
36 48
36 50
36 51
36 52
36 55
36 57
36 59
36 63
36 67
36 80
36 83
36 86
36 100
36 111
36 134
36 139
36 142
36 143
36 154
36 160
36 174
36 175
36 220
36 235
36 240
36 250
36 255
36 277
36 289
36 316
36 324
36 339
36 375
36 393
37 42
37 43
37 45
37 46
37 50
37 54
37 57
37 60
37 63
37 65
37 66
37 67
37 68
37 69
37 70
37 73
37 78
37 80
37 81
37 93
37 99
37 123
37 125
37 138
37 151
37 155
37 195
37 208
37 215
37 218
37 220
37 227
37 243
37 244
37 249
37 250
37 262
37 273
37 283
37 289
37 300
37 309
37 323
37 346
37 352
37 354
37 369
38 39
38 40
38 43
38 44
38 56
38 57
38 58
38 60
38 62
38 63
38 64
38 69
38 76
38 77
38 78
38 81
38 85
38 86
38 90
38 91
38 92
38 96
38 98
38 109
38 121
38 122
38 130
38 136
38 139
38 155
38 156
38 161
38 166
38 190
38 193
38 200
38 204
38 210
38 226
38 253
38 264
38 284
38 286
38 294
38 298
38 311
38 316
38 317
38 332
38 340
38 349
38 360
38 380
38 396
39 43
39 46
39 50
39 51
39 54
39 56
39 58
39 60
39 61
39 64
39 67
39 70
39 71
39 86
39 88
39 90
39 91
39 92
39 95
39 96
39 98
39 101
39 105
39 117
39 120
39 123
39 128
39 130
39 137
39 152
39 163
39 164
39 172
39 183
39 190
39 222
39 225
39 264
39 275
39 276
39 298
39 301
39 314
39 319
39 323
39 325
39 329
39 331
39 332
39 343
39 374
39 376
39 379
39 387
39 392
40 43
40 44
40 51
40 55
40 58
40 67
40 68
40 76
40 83
40 85
40 86
40 87
40 90
40 91
40 92
40 94
40 97
40 107
40 112
40 115
40 116
40 149
40 154
40 161
40 162
40 169
40 172
40 178
40 185
40 195
40 196
40 208
40 220
40 227
40 228
40 239
40 242
40 247
40 269
40 278
40 281
40 289
40 290
40 296
40 308
40 320
40 335
40 340
40 348
40 349
40 350
40 351
40 358
40 365
40 397
41 46
41 47
41 50
41 55
41 56
41 59
41 60
41 64
41 71
41 86
41 95
41 96
41 99
41 114
41 141
41 147
41 151
41 180
41 186
41 196
41 214
41 217
41 226
41 248
41 254
41 263
41 285
41 286
41 299
41 307
41 308
41 318
41 320
41 321
41 331
41 333
41 337
41 338
41 349
41 354
41 356
41 367
41 384
41 386
41 388
41 391
41 392
42 43
42 45
42 59
42 66
42 67
42 68
42 69
42 75
42 76
42 80
42 84
42 85
42 94
42 97
42 100
42 118
42 125
42 158
42 163
42 178
42 187
42 206
42 209
42 214
42 215
42 234
42 244
42 251
42 252
42 253
42 270
42 273
42 298
42 299
42 312
42 313
42 317
42 325
42 329
42 338
42 372
42 378
42 379
42 392
42 397
43 44
43 49
43 50
43 55
43 56
43 57
43 59
43 62
43 71
43 74
43 75
43 76
43 77
43 80
43 87
43 88
43 89
43 90
43 93
43 94
43 95
43 96
43 99
43 101
43 103
43 106
43 108
43 114
43 126
43 147
43 163
43 168
43 180
43 203
43 217
43 248
43 249
43 250
43 256
43 260
43 262
43 263
43 282
43 291
43 295
43 297
43 302
43 304
43 309
43 344
43 355
43 357
43 360
43 367
43 382
43 384
43 386
43 390
44 47
44 51
44 53
44 55
44 58
44 61
44 68
44 73
44 74
44 78
44 79
44 81
44 87
44 88
44 89
44 93
44 97
44 102
44 106
44 118
44 120
44 135
44 136
44 149
44 156
44 161
44 177
44 182
44 185
44 188
44 200
44 203
44 225
44 229
44 242
44 244
44 259
44 267
44 287
44 299
44 311
44 320
44 326
44 335
44 338
44 341
44 356
44 361
44 368
44 372
44 380
45 46
45 48
45 50
45 56
45 60
45 65
45 68
45 69
45 70
45 72
45 81
45 83
45 93
45 94
45 95
45 97
45 121
45 127
45 153
45 160
45 170
45 173
45 183
45 192
45 196
45 209
45 228
45 229
45 240
45 244
45 258
45 278
45 294
45 297
45 302
45 334
45 344
45 346
45 355
45 358
45 362
45 365
45 368
45 377
45 385
46 49
46 59
46 60
46 67
46 71
46 74
46 76
46 79
46 81
46 83
46 90
46 92
46 94
46 97
46 101
46 105
46 122
46 145
46 148
46 151
46 158
46 170
46 185
46 197
46 209
46 213
46 216
46 222
46 248
46 249
46 259
46 260
46 261
46 264
46 283
46 289
46 293
46 302
46 321
46 324
46 332
46 339
46 353
46 371
46 376
46 380
46 381
46 385
46 393
46 399
47 48
47 54
47 61
47 62
47 64
47 65
47 66
47 70
47 72
47 77
47 79
47 80
47 81
47 84
47 88
47 90
47 91
47 92
47 93
47 99
47 100
47 116
47 133
47 134
47 135
47 158
47 194
47 198
47 203
47 210
47 223
47 232
47 263
47 272
47 293
47 309
47 335
47 355
47 357
47 367
47 374
47 375
47 380
47 393
48 55
48 57
48 58
48 66
48 68
48 75
48 81
48 85
48 87
48 88
48 94
48 96
48 107
48 113
48 114
48 134
48 157
48 165
48 169
48 170
48 180
48 191
48 203
48 232
48 235
48 237
48 240
48 241
48 248
48 252
48 265
48 266
48 268
48 279
48 282
48 288
48 289
48 309
48 336
48 344
48 346
48 358
48 362
48 367
48 377
48 379
48 384
48 388
48 396
49 53
49 58
49 61
49 65
49 66
49 67
49 69
49 72
49 73
49 75
49 76
49 78
49 80
49 81
49 82
49 83
49 84
49 95
49 96
49 106
49 137
49 142
49 172
49 212
49 219
49 221
49 225
49 242
49 252
49 263
49 275
49 277
49 281
49 283
49 293
49 297
49 301
49 327
49 329
49 335
49 345
49 351
49 353
49 354
49 367
49 369
49 382
49 388
49 393
50 51
50 55
50 56
50 60
50 62
50 70
50 71
50 72
50 73
50 76
50 77
50 78
50 79
50 86
50 87
50 91
50 94
50 95
50 96
50 97
50 104
50 105
50 114
50 117
50 126
50 128
50 138
50 146
50 152
50 167
50 171
50 184
50 214
50 215
50 216
50 224
50 230
50 259
50 275
50 292
50 333
50 342
50 356
50 367
50 368
50 370
50 377
50 379
50 385
50 396
51 52
51 60
51 77
51 81
51 82
51 84
51 86
51 90
51 92
51 93
51 94
51 119
51 126
51 132
51 138
51 155
51 165
51 166
51 176
51 185
51 189
51 190
51 209
51 225
51 242
51 248
51 250
51 251
51 254
51 296
51 299
51 316
51 323
51 348
51 368
51 382
51 385
51 399
52 57
52 59
52 60
52 70
52 73
52 79
52 83
52 86
52 88
52 93
52 110
52 111
52 112
52 113
52 117
52 119
52 132
52 150
52 157
52 189
52 200
52 204
52 212
52 233
52 237
52 246
52 247
52 263
52 273
52 274
52 279
52 285
52 286
52 291
52 297
52 316
52 331
52 338
52 352
52 363
52 383
53 54
53 56
53 62
53 64
53 67
53 68
53 74
53 78
53 86
53 93
53 96
53 97
53 118
53 123
53 124
53 139
53 160
53 164
53 174
53 178
53 195
53 213
53 217
53 221
53 224
53 239
53 249
53 260
53 275
53 278
53 306
53 321
53 345
53 358
53 367
53 373
53 375
53 378
53 391
54 62
54 64
54 69
54 74
54 76
54 80
54 82
54 87
54 91
54 93
54 96
54 97
54 98
54 100
54 105
54 106
54 109
54 121
54 145
54 159
54 180
54 182
54 197
54 203
54 216
54 227
54 229
54 241
54 242
54 246
54 253
54 257
54 275
54 287
54 307
54 309
54 339
54 389
55 60
55 62
55 70
55 71
55 72
55 73
55 74
55 75
55 80
55 85
55 89
55 93
55 97
55 98
55 99
55 121
55 127
55 131
55 139
55 140
55 153
55 168
55 199
55 208
55 215
55 222
55 242
55 268
55 275
55 288
55 290
55 296
55 303
55 322
55 323
55 328
55 368
55 372
55 396
55 399
56 58
56 61
56 64
56 69
56 71
56 73
56 74
56 75
56 77
56 78
56 82
56 91
56 97
56 98
56 99
56 109
56 116
56 117
56 150
56 162
56 165
56 172
56 173
56 210
56 220
56 240
56 257
56 277
56 288
56 296
56 299
56 300
56 338
56 376
56 395
57 60
57 61
57 63
57 64
57 65
57 72
57 74
57 76
57 77
57 78
57 82
57 85
57 87
57 96
57 97
57 98
57 110
57 112
57 117
57 118
57 138
57 142
57 159
57 163
57 166
57 169
57 175
57 177
57 181
57 187
57 191
57 222
57 232
57 241
57 281
57 288
57 305
57 349
57 358
57 359
57 375
57 377
57 388
57 390
57 399
58 61
58 64
58 65
58 66
58 68
58 70
58 74
58 76
58 78
58 80
58 81
58 82
58 86
58 87
58 89
58 96
58 105
58 107
58 114
58 125
58 128
58 135
58 138
58 147
58 154
58 158
58 167
58 185
58 195
58 196
58 221
58 229
58 243
58 245
58 252
58 256
58 277
58 294
58 295
58 315
58 323
58 334
58 347
58 352
58 360
58 372
58 376
58 378
58 388
58 393
58 395
58 398
59 63
59 67
59 70
59 78
59 80
59 85
59 87
59 89
59 92
59 96
59 98
59 102
59 103
59 111
59 117
59 119
59 124
59 135
59 161
59 168
59 177
59 178
59 181
59 187
59 191
59 201
59 211
59 213
59 217
59 218
59 229
59 232
59 235
59 248
59 258
59 259
59 263
59 264
59 271
59 272
59 280
59 282
59 285
59 305
59 313
59 314
59 315
59 316
59 317
60 63
60 67
60 72
60 74
60 76
60 78
60 79
60 81
60 82
60 85
60 88
60 96
60 112
60 124
60 167
60 173
60 186
60 201
60 206
60 208
60 215
60 232
60 236
60 239
60 257
60 267
60 279
60 290
60 292
60 295
60 296
60 297
60 308
60 311
60 320
60 336
60 345
60 347
60 383
61 64
61 71
61 83
61 86
61 87
61 92
61 96
61 98
61 110
61 112
61 119
61 124
61 137
61 139
61 142
61 144
61 147
61 150
61 185
61 193
61 238
61 242
61 256
61 291
61 293
61 300
61 308
61 314
61 320
61 359
61 388
61 390
62 75
62 78
62 83
62 85
62 88
62 89
62 91
62 93
62 99
62 113
62 144
62 172
62 201
62 220
62 235
62 236
62 243
62 254
62 263
62 269
62 282
62 287
62 289
62 292
62 310
62 319
62 342
62 353
62 375
63 73
63 78
63 79
63 85
63 88
63 91
63 92
63 94
63 99
63 110
63 113
63 117
63 128
63 132
63 133
63 140
63 151
63 153
63 162
63 178
63 180
63 184
63 200
63 201
63 223
63 227
63 233
63 236
63 240
63 249
63 272
63 277
63 281
63 287
63 290
63 292
63 298
63 300
63 321
63 329
63 349
63 373
64 68
64 71
64 74
64 75
64 79
64 80
64 83
64 85
64 86
64 95
64 97
64 98
64 126
64 136
64 150
64 166
64 178
64 226
64 236
64 245
64 246
64 247
64 252
64 255
64 263
64 271
64 272
64 280
64 284
64 309
64 316
64 329
64 330
64 343
64 350
64 355
64 367
65 68
65 70
65 71
65 75
65 76
65 77
65 78
65 82
65 87
65 91
65 92
65 104
65 115
65 118
65 124
65 129
65 135
65 140
65 155
65 159
65 168
65 176
65 190
65 208
65 212
65 234
65 238
65 262
65 270
65 283
65 293
65 312
65 326
65 327
65 338
65 340
65 343
65 349
65 371
65 382
65 384
65 397
66 71
66 76
66 81
66 82
66 84
66 88
66 91
66 99
66 120
66 121
66 128
66 135
66 152
66 167
66 174
66 181
66 186
66 211
66 220
66 239
66 249
66 254
66 265
66 266
66 270
66 283
66 285
66 286
66 297
66 299
66 301
66 307
66 309
66 318
66 319
66 321
66 376
66 377
66 380
66 383
66 387
66 394
67 69
67 70
67 71
67 75
67 86
67 90
67 95
67 96
67 97
67 98
67 107
67 113
67 115
67 134
67 137
67 140
67 175
67 179
67 188
67 202
67 204
67 205
67 208
67 209
67 235
67 242
67 249
67 252
67 254
67 256
67 259
67 264
67 283
67 289
67 292
67 333
67 351
67 352
67 398
68 73
68 74
68 75
68 76
68 77
68 78
68 86
68 88
68 91
68 96
68 112
68 129
68 135
68 152
68 162
68 164
68 166
68 171
68 173
68 181
68 182
68 195
68 239
68 253
68 258
68 273
68 275
68 289
68 296
68 311
68 333
68 343
68 358
68 370
68 378
68 379
69 70
69 71
69 75
69 78
69 79
69 82
69 84
69 87
69 88
69 93
69 95
69 98
69 107
69 110
69 115
69 117
69 139
69 148
69 161
69 168
69 171
69 193
69 194
69 195
69 207
69 232
69 245
69 260
69 271
69 288
69 318
69 323
69 344
69 352
69 362
69 365
69 382
69 388
69 394
70 72
70 82
70 83
70 91
70 92
70 96
70 97
70 98
70 100
70 118
70 120
70 126
70 144
70 148
70 166
70 173
70 176
70 181
70 183
70 185
70 191
70 209
70 212
70 216
70 217
70 222
70 234
70 248
70 279
70 287
70 291
70 292
70 298
70 303
70 305
70 308
70 329
70 336
70 344
70 351
70 359
70 363
70 374
70 384
71 75
71 79
71 81
71 82
71 92
71 93
71 99
71 102
71 109
71 112
71 118
71 137
71 141
71 154
71 165
71 166
71 167
71 188
71 200
71 240
71 245
71 250
71 254
71 261
71 265
71 267
71 272
71 282
71 283
71 284
71 286
71 288
71 293
71 295
71 298
71 311
71 327
71 333
71 338
71 342
71 349
71 357
71 360
71 362
71 383
71 394
71 398
71 399
72 77
72 83
72 84
72 85
72 87
72 88
72 92
72 98
72 110
72 117
72 126
72 139
72 169
72 183
72 184
72 191
72 202
72 214
72 216
72 218
72 220
72 233
72 260
72 268
72 283
72 292
72 300
72 328
72 330
72 344
72 360
72 362
72 372
72 379
72 380
72 394
73 80
73 82
73 85
73 91
73 95
73 103
73 109
73 127
73 136
73 145
73 157
73 159
73 161
73 170
73 177
73 203
73 213
73 220
73 241
73 244
73 246
73 253
73 261
73 267
73 274
73 301
73 321
73 330
73 332
73 337
73 347
73 363
73 366
73 397
74 75
74 76
74 83
74 84
74 85
74 88
74 89
74 95
74 96
74 99
74 104
74 105
74 111
74 114
74 118
74 122
74 136
74 145
74 155
74 181
74 205
74 208
74 214
74 233
74 240
74 245
74 252
74 254
74 258
74 265
74 267
74 286
74 287
74 303
74 305
74 306
74 310
74 324
74 327
74 331
74 336
74 354
74 356
74 377
74 383
74 394
74 399
75 89
75 92
75 94
75 101
75 102
75 116
75 126
75 129
75 139
75 147
75 167
75 180
75 188
75 197
75 201
75 212
75 213
75 233
75 238
75 265
75 280
75 293
75 295
75 296
75 302
75 308
75 317
75 320
75 346
75 362
75 365
75 374
75 384
75 394
76 83
76 84
76 85
76 89
76 100
76 102
76 114
76 121
76 125
76 132
76 137
76 143
76 158
76 164
76 179
76 204
76 206
76 212
76 216
76 219
76 225
76 234
76 235
76 262
76 263
76 266
76 271
76 272
76 276
76 324
76 346
76 347
76 362
76 368
76 371
76 385
76 389
77 80
77 81
77 83
77 87
77 88
77 90
77 91
77 92
77 99
77 122
77 128
77 136
77 153
77 162
77 166
77 169
77 174
77 182
77 193
77 194
77 204
77 208
77 232
77 235
77 241
77 243
77 249
77 255
77 256
77 261
77 267
77 268
77 282
77 286
77 300
77 301
77 318
77 326
77 327
77 346
77 349
77 357
77 367
77 376
77 381
77 388
78 83
78 85
78 86
78 89
78 92
78 93
78 107
78 116
78 142
78 150
78 153
78 157
78 163
78 167
78 174
78 182
78 228
78 239
78 241
78 247
78 249
78 259
78 283
78 290
78 306
78 311
78 316
78 324
78 325
78 340
78 349
78 351
78 353
78 364
78 375
78 380
78 382
78 386
78 392
79 81
79 82
79 87
79 89
79 94
79 95
79 97
79 113
79 114
79 124
79 125
79 126
79 134
79 136
79 170
79 172
79 196
79 198
79 213
79 220
79 223
79 224
79 225
79 236
79 246
79 267
79 293
79 302
79 310
79 332
79 342
79 350
79 377
80 83
80 85
80 89
80 90
80 95
80 97
80 99
80 101
80 106
80 109
80 117
80 137
80 140
80 151
80 156
80 175
80 189
80 196
80 223
80 236
80 240
80 241
80 243
80 249
80 256
80 278
80 297
80 299
80 308
80 337
80 346
80 374
80 378
80 385
80 391
81 83
81 84
81 94
81 102
81 103
81 108
81 131
81 134
81 137
81 138
81 145
81 150
81 174
81 198
81 205
81 206
81 212
81 219
81 231
81 237
81 241
81 251
81 259
81 267
81 282
81 285
81 326
81 331
81 349
81 382
81 383
81 396
82 85
82 87
82 93
82 94
82 98
82 107
82 120
82 130
82 132
82 139
82 151
82 152
82 178
82 183
82 190
82 191
82 201
82 228
82 232
82 243
82 258
82 261
82 263
82 274
82 276
82 292
82 297
82 303
82 304
82 307
82 323
82 329
82 331
82 337
82 339
82 362
82 371
82 372
82 380
82 390
82 393
83 88
83 89
83 91
83 96
83 118
83 119
83 135
83 143
83 162
83 171
83 173
83 174
83 178
83 183
83 186
83 191
83 208
83 211
83 235
83 249
83 254
83 267
83 269
83 276
83 305
83 306
83 307
83 322
83 334
83 338
83 351
83 364
83 371
83 380
83 386
84 86
84 87
84 89
84 93
84 94
84 101
84 109
84 122
84 160
84 167
84 168
84 170
84 172
84 199
84 200
84 217
84 229
84 234
84 249
84 262
84 263
84 270
84 275
84 283
84 286
84 293
84 316
84 320
84 330
84 355
84 365
85 86
85 87
85 88
85 91
85 92
85 95
85 99
85 110
85 143
85 160
85 171
85 173
85 177
85 194
85 195
85 197
85 198
85 203
85 205
85 206
85 219
85 243
85 244
85 258
85 261
85 269
85 271
85 276
85 283
85 284
85 285
85 307
85 328
85 348
85 351
85 362
85 371
85 377
85 378
85 380
85 399
86 95
86 98
86 101
86 106
86 110
86 141
86 165
86 168
86 172
86 177
86 181
86 192
86 231
86 235
86 236
86 237
86 244
86 250
86 252
86 258
86 265
86 267
86 289
86 290
86 304
86 312
86 313
86 316
86 335
86 354
86 359
86 365
86 367
86 370
87 96
87 97
87 98
87 99
87 111
87 114
87 116
87 121
87 133
87 137
87 150
87 154
87 167
87 168
87 243
87 257
87 270
87 293
87 300
87 317
87 348
87 349
87 373
87 376
87 382
87 384
88 97
88 98
88 99
88 100
88 121
88 139
88 156
88 161
88 166
88 184
88 187
88 194
88 199
88 210
88 215
88 216
88 236
88 243
88 251
88 264
88 266
88 274
88 279
88 286
88 289
88 291
88 293
88 336
88 342
88 356
88 374
88 381
88 382
88 388
88 391
88 397
89 91
89 93
89 96
89 101
89 113
89 126
89 132
89 138
89 150
89 154
89 157
89 158
89 160
89 167
89 176
89 185
89 196
89 203
89 219
89 223
89 225
89 236
89 239
89 246
89 265
89 270
89 276
89 288
89 295
89 323
89 340
89 341
89 348
89 356
89 371
89 376
89 380
89 384
89 393
90 91
90 96
90 98
90 108
90 109
90 130
90 134
90 148
90 185
90 186
90 189
90 192
90 209
90 226
90 229
90 237
90 238
90 242
90 247
90 260
90 263
90 276
90 284
90 286
90 306
90 321
90 326
90 335
90 339
90 357
90 375
90 378
90 381
90 387
90 390
90 393
90 396
90 398
91 96
91 101
91 105
91 120
91 188
91 191
91 201
91 207
91 216
91 221
91 227
91 233
91 234
91 264
91 270
91 286
91 298
91 313
91 315
91 318
91 322
91 328
91 329
91 343
91 346
91 348
91 353
91 387
91 391
91 398
92 96
92 99
92 105
92 106
92 119
92 123
92 131
92 132
92 135
92 139
92 155
92 161
92 162
92 174
92 181
92 184
92 187
92 190
92 193
92 203
92 223
92 232
92 233
92 238
92 262
92 277
92 293
92 298
92 300
92 301
92 312
92 342
92 350
92 361
92 375
92 379
92 389
92 392
93 96
93 109
93 132
93 136
93 150
93 157
93 164
93 176
93 184
93 190
93 191
93 193
93 218
93 222
93 223
93 225
93 231
93 233
93 252
93 268
93 279
93 285
93 287
93 310
93 336
93 337
93 339
93 342
93 373
93 380
93 385
93 386
93 390
93 396
93 397
94 98
94 100
94 107
94 108
94 109
94 112
94 156
94 162
94 174
94 178
94 180
94 193
94 201
94 220
94 241
94 248
94 251
94 253
94 257
94 258
94 269
94 273
94 302
94 310
94 321
94 344
94 346
94 351
94 354
94 355
94 366
94 370
94 392
94 393
95 97
95 99
95 101
95 110
95 113
95 116
95 121
95 130
95 138
95 139
95 142
95 143
95 156
95 162
95 163
95 171
95 174
95 191
95 194
95 203
95 209
95 219
95 231
95 289
95 310
95 350
95 368
95 374
96 97
96 118
96 134
96 136
96 146
96 195
96 196
96 220
96 237
96 261
96 271
96 308
96 347
96 355
96 371
96 376
96 398
97 98
97 99
97 105
97 106
97 173
97 215
97 217
97 232
97 258
97 270
97 271
97 275
97 320
97 322
97 331
97 387
98 99
98 100
98 110
98 129
98 138
98 144
98 146
98 157
98 158
98 164
98 178
98 182
98 196
98 202
98 214
98 216
98 219
98 225
98 228
98 232
98 235
98 251
98 269
98 272
98 277
98 288
98 298
98 299
98 306
98 311
98 321
98 333
98 340
98 364
98 370
98 373
98 379
98 391
99 111
99 118
99 142
99 147
99 150
99 180
99 187
99 189
99 194
99 208
99 262
99 283
99 306
99 307
99 309
99 319
99 329
99 346
99 354
99 356
99 368
99 370
100 101
100 105
100 107
100 115
100 119
100 120
100 121
100 122
100 123
100 124
100 127
100 129
100 132
100 135
100 138
100 140
100 144
100 146
100 148
100 149
100 151
100 152
100 160
100 161
100 162
100 165
100 168
100 170
100 171
100 173
100 175
100 176
100 179
100 185
100 187
100 190
100 191
100 192
100 194
100 195
100 204
100 211
100 213
100 216
100 218
100 219
100 220
100 221
100 229
100 232
100 244
100 247
100 264
100 266
100 280
100 282
100 286
100 290
100 292
100 305
100 323
100 333
100 337
100 356
100 360
100 368
100 369
100 379
100 384
100 386
100 389
101 106
101 107
101 108
101 111
101 112
101 113
101 114
101 115
101 116
101 117
101 118
101 119
101 124
101 126
101 127
101 128
101 134
101 139
101 140
101 142
101 143
101 144
101 147
101 150
101 151
101 158
101 159
101 160
101 166
101 167
101 170
101 171
101 172
101 176
101 181
101 182
101 183
101 184
101 187
101 191
101 196
101 197
101 213
101 216
101 223
101 232
101 258
101 291
101 324
101 339
101 342
101 352
101 354
101 362
101 369
101 388
101 392
101 393
102 103
102 106
102 108
102 109
102 112
102 116
102 119
102 124
102 126
102 132
102 134
102 137
102 139
102 140
102 144
102 146
102 147
102 158
102 160
102 164
102 166
102 167
102 170
102 173
102 181
102 185
102 188
102 193
102 194
102 196
102 207
102 214
102 231
102 236
102 252
102 284
102 310
102 311
102 335
102 339
102 382
103 111
103 116
103 117
103 118
103 120
103 122
103 126
103 129
103 131
103 133
103 134
103 136
103 139
103 143
103 149
103 152
103 154
103 162
103 163
103 165
103 166
103 169
103 171
103 179
103 186
103 195
103 196
103 197
103 199
103 201
103 208
103 209
103 215
103 222
103 271
103 273
103 284
103 294
103 313
103 329
103 339
103 353
103 361
103 375
103 379
103 388
104 105
104 115
104 125
104 134
104 135
104 142
104 152
104 155
104 158
104 159
104 163
104 164
104 165
104 166
104 167
104 169
104 170
104 174
104 176
104 178
104 180
104 182
104 185
104 187
104 189
104 191
104 193
104 194
104 202
104 205
104 210
104 214
104 259
104 262
104 269
104 270
104 273
104 285
104 286
104 296
104 303
104 314
104 317
104 321
104 328
104 346
104 372
104 377
104 381
104 395
105 107
105 111
105 113
105 114
105 115
105 116
105 117
105 121
105 123
105 124
105 126
105 128
105 129
105 130
105 132
105 134
105 141
105 144
105 156
105 158
105 164
105 169
105 172
105 173
105 177
105 178
105 181
105 192
105 200
105 206
105 223
105 235
105 242
105 256
105 258
105 262
105 266
105 311
105 344
105 349
105 355
105 363
105 368
105 382
105 389
105 397
106 107
106 109
106 114
106 116
106 117
106 126
106 130
106 132
106 133
106 137
106 145
106 146
106 149
106 151
106 153
106 158
106 159
106 160
106 167
106 169
106 173
106 175
106 178
106 191
106 196
106 198
106 205
106 216
106 217
106 219
106 238
106 240
106 241
106 247
106 264
106 266
106 269
106 270
106 273
106 280
106 287
106 289
106 294
106 299
106 326
106 327
106 332
106 335
106 339
106 346
106 350
106 362
106 372
106 374
106 375
106 377
106 385
107 114
107 123
107 138
107 140
107 141
107 142
107 145
107 146
107 148
107 149
107 150
107 157
107 160
107 162
107 163
107 171
107 172
107 173
107 179
107 185
107 186
107 187
107 193
107 197
107 236
107 249
107 254
107 258
107 266
107 271
107 309
107 316
107 317
107 324
107 341
107 346
107 350
107 364
107 370
107 383
108 116
108 119
108 121
108 126
108 132
108 134
108 135
108 139
108 143
108 145
108 156
108 158
108 160
108 162
108 168
108 169
108 170
108 171
108 172
108 181
108 183
108 187
108 188
108 192
108 199
108 201
108 215
108 229
108 230
108 242
108 244
108 251
108 252
108 253
108 265
108 275
108 279
108 286
108 288
108 290
108 295
108 296
108 302
108 307
108 308
108 309
108 310
108 312
108 316
108 319
108 340
108 342
108 343
108 350
108 352
108 360
108 372
108 377
108 378
108 379
108 390
109 113
109 119
109 121
109 122
109 124
109 125
109 129
109 132
109 143
109 147
109 149
109 150
109 156
109 158
109 161
109 163
109 166
109 170
109 176
109 181
109 182
109 184
109 193
109 195
109 200
109 201
109 205
109 207
109 211
109 214
109 215
109 219
109 237
109 239
109 244
109 251
109 255
109 259
109 265
109 268
109 272
109 276
109 292
109 294
109 328
109 330
109 349
109 354
109 361
109 381
109 387
109 391
109 399
110 120
110 122
110 126
110 130
110 131
110 132
110 135
110 137
110 138
110 145
110 146
110 147
110 151
110 152
110 158
110 162
110 163
110 167
110 170
110 172
110 176
110 180
110 181
110 182
110 184
110 187
110 192
110 194
110 196
110 206
110 207
110 211
110 228
110 235
110 256
110 260
110 267
110 274
110 296
110 297
110 302
110 317
110 320
110 328
110 336
110 338
110 344
110 348
110 351
110 367
110 397
111 116
111 121
111 122
111 124
111 131
111 133
111 140
111 142
111 143
111 144
111 145
111 146
111 148
111 155
111 156
111 157
111 159
111 161
111 168
111 172
111 174
111 178
111 179
111 180
111 182
111 184
111 186
111 191
111 195
111 201
111 204
111 220
111 225
111 240
111 243
111 255
111 257
111 273
111 274
111 275
111 279
111 289
111 300
111 311
111 327
111 328
111 330
111 335
111 361
111 370
111 390
111 396
112 116
112 119
112 122
112 123
112 128
112 132
112 133
112 141
112 142
112 146
112 147
112 154
112 155
112 157
112 159
112 160
112 172
112 175
112 178
112 183
112 186
112 191
112 196
112 198
112 207
112 213
112 220
112 239
112 245
112 265
112 278
112 285
112 286
112 295
112 299
112 300
112 307
112 321
112 329
112 339
112 345
112 387
113 115
113 117
113 118
113 122
113 126
113 128
113 134
113 135
113 141
113 142
113 143
113 146
113 151
113 158
113 159
113 165
113 169
113 170
113 171
113 172
113 174
113 175
113 177
113 178
113 179
113 182
113 184
113 187
113 192
113 193
113 195
113 197
113 213
113 223
113 241
113 249
113 270
113 279
113 283
113 294
113 328
113 351
113 361
113 365
113 369
113 372
113 374
113 379
113 392
114 116
114 121
114 123
114 129
114 131
114 132
114 133
114 137
114 139
114 141
114 142
114 144
114 145
114 150
114 153
114 160
114 161
114 163
114 166
114 171
114 173
114 174
114 176
114 177
114 179
114 190
114 191
114 192
114 195
114 199
114 208
114 211
114 216
114 217
114 225
114 230
114 232
114 238
114 247
114 254
114 302
114 307
114 308
114 316
114 331
114 358
114 360
114 371
114 372
114 373
114 387
115 116
115 121
115 127
115 128
115 130
115 134
115 136
115 137
115 141
115 142
115 143
115 147
115 149
115 153
115 154
115 161
115 163
115 170
115 172
115 176
115 179
115 180
115 181
115 182
115 183
115 186
115 196
115 199
115 205
115 207
115 221
115 226
115 229
115 237
115 240
115 249
115 260
115 262
115 272
115 275
115 281
115 287
115 300
115 320
115 336
115 377
115 382
115 386
116 118
116 121
116 122
116 123
116 125
116 127
116 128
116 129
116 130
116 132
116 133
116 138
116 140
116 143
116 155
116 158
116 165
116 169
116 181
116 182
116 183
116 184
116 185
116 186
116 187
116 190
116 194
116 197
116 202
116 205
116 208
116 224
116 250
116 290
116 292
116 305
116 313
116 319
116 332
116 342
116 351
116 379
116 383
116 385
116 398
117 118
117 119
117 120
117 121
117 123
117 125
117 128
117 130
117 131
117 135
117 136
117 139
117 141
117 143
117 144
117 148
117 151
117 157
117 164
117 169
117 170
117 173
117 177
117 185
117 192
117 193
117 194
117 198
117 202
117 210
117 229
117 243
117 246
117 249
117 250
117 255
117 259
117 262
117 267
117 281
117 294
117 302
117 310
117 315
117 366
117 368
117 369
117 372
117 377
117 390
118 121
118 127
118 128
118 138
118 144
118 151
118 154
118 156
118 158
118 162
118 170
118 171
118 173
118 181
118 183
118 184
118 186
118 187
118 189
118 191
118 193
118 195
118 199
118 210
118 222
118 247
118 253
118 255
118 260
118 267
118 269
118 292
118 298
118 312
118 314
118 332
118 345
118 372
118 389
118 395
119 120
119 121
119 123
119 124
119 135
119 137
119 143
119 144
119 157
119 158
119 161
119 163
119 165
119 175
119 184
119 193
119 229
119 237
119 245
119 257
119 260
119 266
119 271
119 272
119 277
119 278
119 296
119 301
119 317
119 348
119 351
119 374
119 380
119 399
120 121
120 123
120 124
120 128
120 129
120 130
120 135
120 141
120 142
120 146
120 147
120 148
120 156
120 157
120 158
120 159
120 163
120 166
120 167
120 168
120 172
120 173
120 185
120 190
120 205
120 212
120 221
120 243
120 248
120 260
120 264
120 271
120 273
120 297
120 301
120 313
120 329
120 338
120 347
120 353
120 374
121 124
121 129
121 134
121 135
121 136
121 142
121 148
121 150
121 157
121 159
121 166
121 170
121 171
121 172
121 173
121 174
121 176
121 178
121 179
121 180
121 181
121 186
121 187
121 191
121 194
121 195
121 197
121 199
121 205
121 216
121 229
121 250
121 268
121 273
121 274
121 278
121 289
121 300
121 349
121 353
121 354
121 359
121 361
121 369
122 123
122 125
122 126
122 127
122 131
122 133
122 144
122 145
122 146
122 162
122 165
122 170
122 171
122 174
122 177
122 183
122 185
122 187
122 190
122 192
122 195
122 197
122 199
122 229
122 235
122 244
122 247
122 259
122 265
122 267
122 273
122 277
122 283
122 321
122 332
122 348
122 351
122 352
122 362
122 366
122 399
123 124
123 132
123 142
123 144
123 145
123 146
123 153
123 154
123 156
123 160
123 161
123 162
123 164
123 167
123 170
123 175
123 177
123 181
123 185
123 187
123 188
123 189
123 191
123 215
123 217
123 225
123 227
123 231
123 236
123 239
123 256
123 258
123 262
123 277
123 282
123 287
123 289
123 290
123 292
123 296
123 329
123 348
123 359
123 369
123 381
123 384
123 388
123 391
123 392
123 398
123 399
124 130
124 132
124 133
124 135
124 142
124 143
124 146
124 150
124 154
124 158
124 164
124 166
124 167
124 169
124 170
124 171
124 175
124 176
124 188
124 192
124 196
124 200
124 222
124 223
124 244
124 248
124 250
124 253
124 269
124 271
124 278
124 281
124 284
124 289
124 306
124 309
124 312
124 356
124 358
124 370
124 377
124 379
124 395
125 126
125 127
125 131
125 134
125 137
125 144
125 162
125 172
125 176
125 179
125 180
125 181
125 182
125 186
125 189
125 194
125 197
125 206
125 220
125 222
125 241
125 248
125 254
125 263
125 266
125 271
125 274
125 277
125 286
125 290
125 291
125 338
125 339
125 340
125 353
125 354
125 363
125 367
125 368
125 388
126 128
126 130
126 131
126 134
126 139
126 140
126 145
126 146
126 148
126 149
126 154
126 155
126 156
126 157
126 158
126 160
126 164
126 166
126 173
126 174
126 189
126 191
126 194
126 196
126 198
126 202
126 209
126 234
126 238
126 267
126 281
126 312
126 316
126 319
126 345
126 363
126 366
126 372
126 386
127 129
127 133
127 136
127 138
127 140
127 142
127 145
127 146
127 149
127 151
127 152
127 153
127 155
127 159
127 160
127 161
127 162
127 163
127 164
127 167
127 175
127 185
127 188
127 191
127 194
127 199
127 221
127 223
127 230
127 237
127 262
127 275
127 277
127 281
127 289
127 297
127 303
127 309
127 311
127 314
127 336
127 338
127 343
127 347
127 350
127 352
127 357
127 359
127 368
127 377
127 386
127 391
128 133
128 141
128 145
128 146
128 155
128 156
128 160
128 167
128 168
128 171
128 174
128 176
128 178
128 181
128 182
128 183
128 188
128 189
128 193
128 198
128 203
128 206
128 209
128 217
128 226
128 235
128 250
128 254
128 257
128 264
128 265
128 267
128 282
128 288
128 298
128 304
128 318
128 334
128 352
128 353
128 362
129 130
129 138
129 142
129 147
129 150
129 154
129 156
129 158
129 159
129 160
129 162
129 165
129 166
129 168
129 172
129 173
129 175
129 178
129 180
129 185
129 186
129 188
129 191
129 198
129 209
129 212
129 249
129 260
129 266
129 275
129 284
129 292
129 310
129 323
129 326
129 328
129 342
129 354
129 356
129 357
129 366
129 368
129 371
129 377
130 131
130 132
130 137
130 138
130 139
130 145
130 146
130 147
130 148
130 150
130 151
130 153
130 154
130 157
130 161
130 166
130 167
130 172
130 174
130 186
130 187
130 193
130 194
130 196
130 217
130 222
130 226
130 228
130 256
130 257
130 275
130 277
130 284
130 306
130 309
130 313
130 314
130 322
130 324
130 380
130 385
130 387
130 395
131 134
131 135
131 141
131 144
131 145
131 148
131 149
131 150
131 151
131 153
131 159
131 161
131 164
131 170
131 171
131 181
131 186
131 197
131 198
131 199
131 215
131 218
131 224
131 231
131 238
131 254
131 262
131 265
131 267
131 281
131 283
131 304
131 310
131 326
131 327
131 331
131 338
131 341
131 342
131 351
131 361
131 363
132 135
132 137
132 139
132 144
132 145
132 148
132 158
132 159
132 164
132 169
132 170
132 175
132 178
132 179
132 185
132 187
132 189
132 192
132 193
132 220
132 225
132 226
132 237
132 251
132 270
132 276
132 278
132 282
132 292
132 299
132 345
132 347
132 350
132 356
132 361
132 362
132 368
132 390
132 393
132 394
133 138
133 145
133 149
133 153
133 154
133 155
133 156
133 161
133 163
133 164
133 166
133 169
133 174
133 177
133 182
133 189
133 191
133 192
133 193
133 194
133 196
133 198
133 204
133 206
133 207
133 212
133 213
133 226
133 230
133 251
133 255
133 265
133 275
133 283
133 287
133 310
133 314
133 330
133 336
133 342
133 345
133 346
133 381
133 385
133 387
134 135
134 138
134 142
134 143
134 145
134 147
134 148
134 149
134 156
134 161
134 169
134 172
134 174
134 175
134 178
134 179
134 183
134 186
134 187
134 191
134 192
134 193
134 227
134 247
134 249
134 254
134 264
134 271
134 279
134 281
134 300
134 316
134 320
134 324
134 327
134 334
134 354
134 360
134 366
134 374
134 375
134 379
134 395
135 138
135 141
135 143
135 145
135 147
135 148
135 149
135 150
135 153
135 155
135 157
135 161
135 166
135 168
135 169
135 172
135 177
135 180
135 181
135 182
135 185
135 187
135 188
135 190
135 193
135 194
135 197
135 198
135 218
135 234
135 238
135 239
135 253
135 255
135 256
135 258
135 260
135 264
135 275
135 278
135 280
135 281
135 284
135 303
135 320
135 328
135 339
135 353
135 363
135 374
135 376
135 391
136 137
136 138
136 141
136 143
136 159
136 160
136 162
136 180
136 181
136 183
136 185
136 186
136 187
136 189
136 212
136 236
136 238
136 247
136 255
136 269
136 287
136 302
136 311
136 321
136 322
136 328
136 329
136 353
136 369
136 373
136 374
136 393
137 139
137 141
137 142
137 145
137 146
137 148
137 153
137 156
137 163
137 169
137 181
137 183
137 186
137 191
137 193
137 196
137 197
137 199
137 202
137 208
137 211
137 212
137 215
137 235
137 237
137 253
137 263
137 269
137 270
137 282
137 286
137 304
137 318
137 320
137 349
137 361
137 364
137 383
137 398
138 139
138 148
138 152
138 153
138 154
138 155
138 160
138 164
138 165
138 169
138 182
138 191
138 193
138 198
138 199
138 202
138 215
138 218
138 224
138 226
138 241
138 242
138 246
138 255
138 260
138 276
138 277
138 284
138 293
138 304
138 313
138 322
138 332
138 335
138 359
138 367
138 381
138 396
139 152
139 154
139 155
139 160
139 163
139 166
139 167
139 169
139 175
139 176
139 190
139 197
139 208
139 214
139 219
139 231
139 249
139 253
139 261
139 286
139 291
139 293
139 300
139 305
139 314
139 317
139 323
139 338
139 349
139 368
139 392
140 141
140 146
140 150
140 151
140 157
140 158
140 167
140 170
140 171
140 172
140 175
140 176
140 178
140 181
140 182
140 183
140 185
140 197
140 211
140 214
140 220
140 225
140 227
140 244
140 247
140 264
140 269
140 278
140 279
140 286
140 312
140 315
140 326
140 328
140 346
140 356
140 375
140 385
140 388
140 393
141 142
141 143
141 147
141 148
141 163
141 165
141 166
141 170
141 173
141 176
141 179
141 181
141 183
141 189
141 192
141 193
141 195
141 228
141 234
141 239
141 241
141 244
141 259
141 260
141 263
141 274
141 282
141 286
141 295
141 297
141 304
141 306
141 313
141 348
141 364
141 382
141 391
142 147
142 151
142 159
142 160
142 164
142 173
142 174
142 181
142 184
142 185
142 187
142 191
142 197
142 198
142 201
142 205
142 207
142 260
142 282
142 285
142 292
142 310
142 329
142 331
142 342
142 345
142 363
142 372
142 387
142 397
143 146
143 148
143 152
143 153
143 155
143 157
143 160
143 163
143 164
143 165
143 168
143 172
143 174
143 178
143 183
143 185
143 188
143 190
143 192
143 212
143 214
143 216
143 226
143 240
143 255
143 280
143 282
143 297
143 324
143 336
143 360
143 362
143 368
143 379
143 383
143 391
144 153
144 155
144 156
144 159
144 160
144 165
144 168
144 170
144 172
144 173
144 175
144 180
144 188
144 189
144 190
144 193
144 194
144 196
144 199
144 212
144 227
144 231
144 236
144 251
144 255
144 260
144 276
144 288
144 289
144 310
144 311
144 312
144 320
144 323
144 345
144 346
144 351
144 358
144 366
144 367
144 376
144 377
144 386
145 147
145 151
145 155
145 157
145 158
145 161
145 164
145 165
145 172
145 176
145 177
145 178
145 179
145 191
145 192
145 194
145 195
145 196
145 198
145 203
145 206
145 208
145 211
145 222
145 226
145 241
145 257
145 274
145 275
145 280
145 285
145 289
145 307
145 310
145 320
145 332
145 342
145 346
145 352
145 353
145 356
145 357
145 362
145 397
146 148
146 157
146 159
146 161
146 166
146 168
146 173
146 174
146 176
146 181
146 190
146 191
146 192
146 193
146 196
146 200
146 205
146 221
146 238
146 239
146 244
146 267
146 268
146 270
146 280
146 284
146 286
146 289
146 297
146 314
146 329
146 362
146 374
146 378
146 381
146 399
147 152
147 154
147 159
147 163
147 164
147 166
147 172
147 176
147 177
147 180
147 181
147 182
147 184
147 185
147 186
147 188
147 189
147 191
147 193
147 197
147 198
147 200
147 203
147 209
147 217
147 233
147 235
147 244
147 245
147 248
147 258
147 268
147 288
147 322
147 335
147 336
147 350
147 358
147 376
148 149
148 153
148 154
148 157
148 159
148 162
148 166
148 167
148 168
148 173
148 177
148 178
148 183
148 184
148 187
148 189
148 193
148 210
148 212
148 228
148 264
148 269
148 277
148 333
148 341
148 344
148 346
148 377
148 378
149 168
149 171
149 172
149 176
149 179
149 182
149 184
149 185
149 188
149 196
149 198
149 208
149 219
149 220
149 224
149 228
149 235
149 260
149 267
149 278
149 287
149 303
149 312
149 331
149 357
149 392
149 394
150 155
150 156
150 163
150 164
150 166
150 171
150 175
150 179
150 182
150 184
150 187
150 191
150 196
150 207
150 208
150 211
150 218
150 225
150 238
150 271
150 285
150 297
150 304
150 305
150 311
150 313
150 316
150 324
150 330
150 340
150 351
150 353
150 354
150 359
150 369
150 373
150 390
151 159
151 161
151 173
151 175
151 176
151 182
151 186
151 191
151 193
151 194
151 196
151 208
151 224
151 230
151 234
151 240
151 266
151 283
151 299
151 311
151 315
151 327
151 330
151 346
151 350
151 358
151 359
151 370
152 153
152 165
152 169
152 170
152 171
152 177
152 182
152 185
152 187
152 189
152 194
152 196
152 198
152 199
152 201
152 206
152 214
152 217
152 229
152 233
152 234
152 245
152 249
152 271
152 285
152 286
152 287
152 289
152 300
152 315
152 316
152 318
152 322
152 323
152 324
152 327
152 337
152 338
152 352
152 380
152 387
152 396
153 157
153 161
153 164
153 168
153 175
153 176
153 183
153 185
153 197
153 207
153 212
153 219
153 224
153 230
153 233
153 234
153 236
153 249
153 268
153 287
153 322
153 333
153 342
153 352
153 371
153 374
154 155
154 159
154 160
154 161
154 163
154 173
154 180
154 181
154 186
154 187
154 190
154 192
154 193
154 194
154 195
154 197
154 201
154 224
154 241
154 243
154 257
154 260
154 267
154 283
154 284
154 285
154 298
154 311
154 314
154 334
154 338
154 344
154 372
154 378
154 384
154 392
155 157
155 158
155 159
155 166
155 173
155 176
155 178
155 182
155 183
155 184
155 188
155 189
155 193
155 194
155 195
155 196
155 198
155 210
155 222
155 223
155 244
155 261
155 286
155 290
155 302
155 311
155 314
155 315
155 317
155 336
155 343
155 344
155 353
155 363
155 370
155 374
155 377
155 385
155 387
156 157
156 162
156 169
156 181
156 187
156 192
156 194
156 195
156 197
156 211
156 226
156 245
156 246
156 260
156 275
156 277
156 290
156 299
156 304
156 327
156 330
156 332
156 342
156 346
156 352
156 357
156 370
156 379
156 380
156 398
156 399
157 158
157 159
157 161
157 166
157 168
157 173
157 176
157 178
157 180
157 181
157 193
157 200
157 207
157 212
157 215
157 221
157 232
157 235
157 238
157 268
157 274
157 291
157 297
157 304
157 308
157 314
157 337
157 340
157 365
157 366
157 381
158 161
158 165
158 167
158 169
158 171
158 173
158 177
158 180
158 181
158 185
158 191
158 194
158 196
158 199
158 205
158 225
158 231
158 243
158 269
158 276
158 278
158 308
158 330
158 331
158 354
158 357
158 380
159 166
159 168
159 170
159 171
159 180
159 183
159 184
159 190
159 192
159 193
159 201
159 214
159 215
159 218
159 236
159 250
159 277
159 279
159 283
159 287
159 310
159 312
159 332
159 346
159 358
159 373
159 386
160 163
160 169
160 173
160 176
160 181
160 182
160 184
160 185
160 188
160 191
160 194
160 195
160 199
160 202
160 213
160 228
160 233
160 236
160 237
160 255
160 277
160 283
160 286
160 294
160 298
160 306
160 327
160 334
160 340
160 345
160 350
160 380
160 384
160 388
160 390
161 162
161 166
161 169
161 173
161 182
161 183
161 187
161 190
161 193
161 223
161 238
161 240
161 253
161 264
161 294
161 306
161 308
161 317
161 327
161 339
161 359
161 379
161 380
161 389
161 395
162 163
162 174
162 175
162 176
162 181
162 184
162 186
162 199
162 212
162 234
162 250
162 273
162 280
162 296
162 298
162 306
162 319
162 321
162 326
162 330
162 356
162 387
162 388
162 391
163 165
163 166
163 168
163 170
163 171
163 172
163 181
163 186
163 192
163 194
163 196
163 198
163 214
163 242
163 257
163 262
163 265
163 274
163 288
163 292
163 299
163 304
163 329
163 335
163 339
163 364
163 377
163 385
163 390
163 397
164 172
164 175
164 177
164 179
164 180
164 182
164 185
164 186
164 194
164 198
164 199
164 203
164 206
164 221
164 234
164 254
164 258
164 263
164 266
164 271
164 272
164 277
164 288
164 300
164 303
164 313
164 328
164 329
164 339
164 344
164 351
164 353
164 361
164 368
164 370
164 374
164 383
164 393
165 169
165 172
165 174
165 177
165 179
165 182
165 183
165 190
165 192
165 214
165 215
165 226
165 242
165 257
165 273
165 291
165 295
165 302
165 304
165 306
165 309
165 314
165 316
165 348
165 352
165 359
165 366
165 375
165 386
165 390
166 167
166 175
166 180
166 181
166 192
166 196
166 197
166 220
166 225
166 237
166 245
166 259
166 267
166 275
166 284
166 286
166 298
166 307
166 343
166 344
166 353
166 355
166 382
167 168
167 171
167 174
167 177
167 182
167 183
167 185
167 187
167 188
167 191
167 203
167 232
167 234
167 237
167 239
167 245
167 249
167 250
167 252
167 256
167 258
167 270
167 272
167 274
167 276
167 294
167 309
167 317
167 326
167 346
167 358
167 365
167 381
167 387
168 169
168 170
168 173
168 174
168 177
168 181
168 183
168 185
168 187
168 191
168 196
168 199
168 209
168 216
168 222
168 228
168 262
168 265
168 275
168 291
168 298
168 307
168 316
168 319
168 320
168 358
168 380
168 389
168 390
169 173
169 174
169 176
169 178
169 182
169 183
169 184
169 187
169 188
169 190
169 194
169 195
169 198
169 199
169 210
169 223
169 238
169 241
169 255
169 257
169 259
169 266
169 269
169 271
169 289
169 290
169 291
169 302
169 315
169 318
169 331
169 334
169 378
169 393
169 397
169 398
170 174
170 179
170 181
170 182
170 185
170 188
170 189
170 193
170 195
170 197
170 211
170 216
170 225
170 231
170 261
170 273
170 278
170 299
170 312
170 321
170 323
170 352
170 357
170 360
170 362
170 364
170 385
170 386
170 388
170 391
171 172
171 175
171 183
171 184
171 187
171 195
171 215
171 233
171 243
171 262
171 263
171 271
171 310
171 331
171 336
171 338
171 357
171 363
171 379
171 381
172 173
172 174
172 175
172 176
172 178
172 181
172 182
172 183
172 184
172 188
172 196
172 199
172 203
172 214
172 246
172 256
172 258
172 259
172 268
172 293
172 302
172 313
172 336
172 342
172 343
172 361
172 365
172 366
172 369
172 370
172 375
172 381
172 387
173 174
173 175
173 179
173 182
173 186
173 187
173 188
173 190
173 191
173 206
173 213
173 216
173 234
173 240
173 250
173 278
173 283
173 286
173 288
173 291
173 299
173 305
173 324
173 326
173 346
173 356
173 357
173 358
173 381
173 382
173 385
174 182
174 185
174 188
174 194
174 196
174 197
174 205
174 210
174 211
174 236
174 253
174 257
174 270
174 302
174 305
174 308
174 311
174 312
174 329
174 335
174 338
174 367
174 391
175 180
175 182
175 188
175 189
175 190
175 194
175 196
175 199
175 227
175 245
175 246
175 255
175 256
175 257
175 260
175 263
175 268
175 278
175 288
175 289
175 331
175 333
175 337
175 353
175 380
175 398
176 178
176 179
176 180
176 181
176 182
176 187
176 189
176 191
176 195
176 196
176 198
176 206
176 220
176 223
176 225
176 231
176 233
176 234
176 267
176 272
176 279
176 296
176 301
176 314
176 324
176 327
176 340
176 373
176 374
176 375
177 178
177 179
177 180
177 182
177 184
177 186
177 187
177 190
177 194
177 195
177 196
177 237
177 242
177 248
177 257
177 268
177 287
177 306
177 325
177 333
177 337
177 352
177 354
177 364
177 369
177 378
177 389
178 179
178 184
178 189
178 192
178 193
178 197
178 198
178 199
178 203
178 208
178 216
178 220
178 221
178 247
178 252
178 257
178 265
178 287
178 301
178 310
178 314
178 315
178 316
178 332
178 333
178 336
178 339
178 340
178 346
178 350
178 352
178 359
178 362
178 380
178 395
178 397
179 180
179 181
179 185
179 191
179 193
179 202
179 216
179 223
179 226
179 234
179 235
179 247
179 248
179 254
179 261
179 263
179 265
179 267
179 268
179 269
179 277
179 290
179 301
179 303
179 314
179 315
179 353
179 356
179 370
179 371
179 377
179 390
180 182
180 186
180 191
180 192
180 195
180 197
180 198
180 224
180 245
180 249
180 251
180 265
180 276
180 313
180 315
180 325
180 335
180 339
180 347
180 378
180 382
181 184
181 193
181 199
181 213
181 214
181 217
181 238
181 258
181 261
181 271
181 279
181 280
181 282
181 301
181 326
181 327
181 328
181 337
181 349
181 361
181 372
181 377
181 393
182 188
182 194
182 197
182 199
182 200
182 205
182 213
182 217
182 229
182 235
182 237
182 251
182 284
182 299
182 319
182 320
182 344
182 353
182 358
182 360
182 364
182 369
182 383
182 398
183 184
183 185
183 189
183 191
183 192
183 193
183 194
183 196
183 198
183 211
183 233
183 235
183 264
183 274
183 276
183 279
183 291
183 313
183 323
183 341
183 343
183 348
183 354
183 374
183 378
183 394
184 189
184 192
184 201
184 216
184 245
184 251
184 252
184 254
184 261
184 275
184 282
184 293
184 302
184 317
184 346
184 372
184 377
184 395
185 188
185 190
185 192
185 194
185 196
185 204
185 214
185 235
185 256
185 266
185 276
185 291
185 294
185 305
185 319
185 321
185 332
185 339
185 342
185 346
185 347
185 386
185 396
186 187
186 188
186 189
186 200
186 208
186 217
186 222
186 240
186 248
186 256
186 260
186 273
186 290
186 295
186 298
186 325
186 331
186 335
186 339
186 343
186 377
186 385
186 396
186 399
187 204
187 207
187 219
187 228
187 236
187 246
187 251
187 270
187 272
187 293
187 301
187 302
187 321
187 322
187 324
187 342
187 353
187 369
187 376
187 378
188 189
188 192
188 195
188 198
188 199
188 216
188 232
188 244
188 247
188 281
188 302
188 315
188 328
188 342
188 343
188 347
188 359
188 369
188 377
188 386
188 395
189 190
189 196
189 197
189 215
189 222
189 223
189 247
189 249
189 252
189 255
189 265
189 279
189 290
189 296
189 304
189 314
189 320
189 325
189 330
189 337
189 353
189 355
189 358
189 366
189 368
189 374
189 383
189 384
190 196
190 197
190 198
190 212
190 225
190 230
190 235
190 258
190 261
190 280
190 281
190 284
190 306
190 307
190 318
190 320
190 321
190 346
190 348
190 351
190 359
190 360
190 365
190 369
190 375
190 378
190 382
190 384
191 194
191 197
191 198
191 202
191 206
191 229
191 234
191 237
191 239
191 240
191 248
191 267
191 269
191 278
191 286
191 303
191 308
191 319
191 331
191 333
191 336
191 339
191 345
191 358
191 367
191 368
191 379
191 381
191 385
191 395
192 196
192 203
192 244
192 245
192 254
192 266
192 271
192 278
192 280
192 281
192 284
192 285
192 288
192 300
192 310
192 311
192 319
192 320
192 321
192 322
192 331
192 358
192 399
193 203
193 212
193 226
193 247
193 264
193 272
193 274
193 286
193 304
193 336
193 378
193 379
193 395
194 204
194 240
194 244
194 245
194 246
194 249
194 256
194 269
194 279
194 283
194 316
194 324
194 345
194 355
194 360
194 375
194 392
194 393
195 196
195 218
195 219
195 222
195 229
195 232
195 233
195 236
195 256
195 259
195 266
195 275
195 300
195 305
195 312
195 318
195 319
195 363
195 371
195 380
195 381
195 384
195 396
195 399
196 197
196 222
196 267
196 276
196 282
196 291
196 301
196 302
196 319
196 323
196 326
196 340
196 354
196 357
196 374
196 376
196 377
196 387
196 390
197 199
197 209
197 211
197 213
197 218
197 226
197 234
197 242
197 248
197 249
197 250
197 252
197 254
197 258
197 272
197 289
197 305
197 307
198 199
198 219
198 232
198 241
198 243
198 249
198 251
198 257
198 267
198 279
198 281
198 293
198 315
198 320
198 323
198 327
198 328
198 333
198 344
198 356
198 360
198 368
198 372
198 386
198 394
198 398
199 214
199 217
199 224
199 228
199 230
199 244
199 249
199 258
199 261
199 302
199 306
199 316
199 319
199 327
199 334
199 337
199 346
199 368
199 375
199 389
199 391
200 201
200 202
200 204
200 205
200 211
200 212
200 218
200 220
200 226
200 229
200 235
200 236
200 241
200 246
200 248
200 251
200 252
200 258
200 259
200 264
200 268
200 270
200 272
200 274
200 275
200 277
200 279
200 282
200 284
200 286
200 287
200 290
200 291
200 294
200 295
200 306
200 315
200 318
200 325
200 330
200 333
200 353
200 356
200 362
200 377
200 384
200 390
201 202
201 203
201 205
201 206
201 207
201 210
201 215
201 219
201 221
201 222
201 223
201 225
201 226
201 227
201 229
201 232
201 239
201 246
201 248
201 254
201 259
201 261
201 263
201 267
201 278
201 280
201 283
201 284
201 288
201 291
201 305
201 307
201 316
201 351
201 353
201 361
201 376
201 382
201 383
201 395
202 203
202 207
202 208
202 209
202 211
202 214
202 217
202 218
202 219
202 222
202 223
202 224
202 228
202 230
202 232
202 233
202 235
202 237
202 241
202 244
202 245
202 247
202 251
202 252
202 255
202 258
202 264
202 267
202 270
202 273
202 275
202 277
202 279
202 280
202 286
202 290
202 293
202 294
202 299
202 303
202 324
202 331
202 332
202 333
202 344
202 372
202 375
202 391
203 221
203 223
203 249
203 251
203 253
203 257
203 260
203 263
203 266
203 269
203 273
203 274
203 275
203 277
203 279
203 280
203 281
203 283
203 287
203 288
203 289
203 294
203 295
203 309
203 336
203 339
203 347
203 358
203 361
203 363
203 366
203 372
203 392
204 206
204 209
204 212
204 223
204 229
204 232
204 236
204 238
204 239
204 242
204 244
204 248
204 249
204 254
204 264
204 267
204 273
204 276
204 278
204 279
204 285
204 291
204 298
204 304
204 312
204 319
204 330
204 345
204 362
204 380
204 383
204 387
205 206
205 207
205 208
205 213
205 218
205 222
205 225
205 226
205 227
205 229
205 234
205 241
205 242
205 243
205 244
205 255
205 262
205 267
205 268
205 273
205 274
205 276
205 282
205 284
205 288
205 289
205 292
205 293
205 296
205 298
205 301
205 305
205 306
205 307
205 314
205 319
205 320
205 324
205 332
205 340
205 349
205 355
205 362
205 365
205 397
206 208
206 209
206 210
206 213
206 214
206 216
206 219
206 222
206 225
206 232
206 233
206 235
206 237
206 244
206 245
206 249
206 254
206 260
206 261
206 262
206 266
206 277
206 294
206 295
206 296
206 297
206 299
206 313
206 316
206 332
206 333
206 345
206 347
206 348
206 351
206 357
206 358
206 365
207 210
207 219
207 220
207 223
207 224
207 226
207 235
207 238
207 240
207 243
207 250
207 251
207 253
207 255
207 260
207 264
207 265
207 267
207 269
207 272
207 273
207 282
207 284
207 286
207 291
207 296
207 298
207 302
207 314
207 318
207 329
207 331
207 348
207 351
207 375
208 211
208 212
208 214
208 216
208 217
208 220
208 226
208 227
208 233
208 234
208 235
208 243
208 244
208 255
208 261
208 263
208 265
208 271
208 273
208 274
208 282
208 294
208 296
208 303
208 312
208 314
208 332
208 335
208 339
208 345
208 351
208 359
208 383
208 387
209 212
209 226
209 235
209 237
209 240
209 242
209 244
209 245
209 248
209 257
209 260
209 261
209 264
209 268
209 271
209 273
209 274
209 275
209 280
209 283
209 295
209 298
209 305
209 313
209 317
209 318
209 334
209 339
209 347
209 366
209 379
209 388
209 396
210 214
210 218
210 219
210 220
210 222
210 224
210 225
210 251
210 252
210 255
210 258
210 262
210 264
210 272
210 275
210 278
210 279
210 280
210 282
210 289
210 297
210 299
210 303
210 314
210 367
210 368
210 369
210 373
210 374
210 379
210 392
210 393
211 218
211 219
211 221
211 229
211 233
211 234
211 240
211 242
211 244
211 253
211 254
211 255
211 257
211 264
211 267
211 271
211 273
211 277
211 279
211 283
211 284
211 287
211 289
211 294
211 297
211 311
211 338
211 339
211 355
211 366
211 371
211 380
211 387
211 388
212 213
212 216
212 219
212 220
212 224
212 225
212 226
212 229
212 232
212 234
212 237
212 239
212 241
212 243
212 244
212 249
212 252
212 255
212 261
212 263
212 265
212 271
212 275
212 278
212 279
212 281
212 286
212 288
212 297
212 308
212 310
212 314
212 361
212 370
212 377
212 379
212 384
212 389
212 390
212 393
212 396
213 215
213 218
213 219
213 222
213 224
213 226
213 230
213 232
213 237
213 239
213 240
213 242
213 245
213 247
213 250
213 254
213 258
213 262
213 263
213 264
213 265
213 266
213 267
213 277
213 278
213 279
213 284
213 285
213 286
213 291
213 292
213 293
213 294
213 297
213 298
213 299
213 323
213 329
213 337
213 344
213 348
213 365
213 374
213 375
213 393
213 394
214 219
214 220
214 221
214 223
214 228
214 229
214 230
214 234
214 236
214 238
214 241
214 242
214 247
214 253
214 256
214 258
214 261
214 263
214 267
214 268
214 269
214 280
214 281
214 289
214 299
214 300
214 308
214 344
214 352
214 367
214 373
215 224
215 228
215 233
215 236
215 240
215 242
215 243
215 249
215 251
215 253
215 256
215 258
215 260
215 262
215 263
215 265
215 267
215 269
215 274
215 275
215 276
215 277
215 280
215 283
215 286
215 291
215 297
215 314
215 320
215 322
215 333
215 359
215 367
215 379
215 385
215 387
215 393
216 217
216 218
216 224
216 228
216 233
216 234
216 238
216 239
216 240
216 250
216 251
216 260
216 261
216 263
216 269
216 270
216 273
216 274
216 278
216 280
216 281
216 284
216 285
216 287
216 299
216 318
216 319
216 321
216 324
216 327
216 341
216 373
216 379
216 394
216 398
217 220
217 228
217 236
217 242
217 247
217 248
217 250
217 255
217 257
217 258
217 270
217 279
217 280
217 287
217 304
217 316
217 331
217 332
217 352
217 367
217 372
217 380
217 399
218 219
218 226
218 232
218 233
218 236
218 243
218 247
218 248
218 249
218 253
218 259
218 261
218 263
218 267
218 268
218 271
218 272
218 274
218 279
218 283
218 287
218 292
218 309
218 315
218 326
218 329
218 341
218 347
218 348
218 367
218 383
218 398
219 220
219 224
219 228
219 230
219 232
219 236
219 237
219 238
219 242
219 245
219 253
219 255
219 258
219 259
219 260
219 266
219 276
219 278
219 284
219 285
219 287
219 292
219 293
219 294
219 303
219 304
219 314
219 351
219 357
219 358
219 360
219 374
219 381
219 386
219 389
219 395
220 228
220 230
220 241
220 242
220 248
220 250
220 251
220 254
220 257
220 261
220 269
220 271
220 274
220 276
220 280
220 282
220 283
220 285
220 286
220 289
220 293
220 295
220 297
220 353
220 356
220 365
220 366
220 372
220 379
221 222
221 225
221 230
221 232
221 242
221 243
221 245
221 246
221 249
221 251
221 254
221 265
221 266
221 273
221 275
221 277
221 279
221 280
221 281
221 283
221 288
221 290
221 295
221 298
221 309
221 315
221 327
221 356
221 369
221 370
221 371
221 377
221 378
221 391
221 393
222 223
222 228
222 230
222 237
222 239
222 241
222 244
222 252
222 255
222 260
222 261
222 264
222 266
222 278
222 279
222 281
222 282
222 291
222 293
222 295
222 296
222 298
222 303
222 314
222 327
222 339
222 340
222 362
222 371
223 224
223 226
223 227
223 229
223 231
223 233
223 237
223 239
223 241
223 243
223 246
223 248
223 252
223 253
223 257
223 258
223 263
223 266
223 267
223 268
223 275
223 283
223 287
223 288
223 290
223 291
223 292
223 293
223 295
223 296
223 313
223 314
223 318
223 332
223 352
223 389
223 393
223 399
224 227
224 230
224 231
224 235
224 244
224 253
224 254
224 256
224 258
224 265
224 272
224 277
224 280
224 283
224 290
224 291
224 303
224 307
224 320
224 343
224 348
224 349
224 357
224 359
224 365
224 372
224 377
224 380
224 383
224 384
224 386
224 387
224 392
224 395
225 229
225 230
225 232
225 237
225 239
225 240
225 246
225 247
225 249
225 251
225 253
225 255
225 259
225 260
225 262
225 264
225 272
225 280
225 286
225 287
225 292
225 303
225 305
225 307
225 314
225 320
225 328
225 340
225 385
225 399
226 228
226 231
226 240
226 242
226 243
226 244
226 254
226 257
226 259
226 264
226 265
226 269
226 271
226 274
226 275
226 284
226 286
226 289
226 291
226 293
226 300
226 303
226 326
226 327
226 338
226 344
226 360
226 362
226 377
226 379
226 382
226 384
226 391
226 399
227 234
227 235
227 236
227 238
227 242
227 251
227 256
227 260
227 261
227 264
227 266
227 268
227 274
227 275
227 277
227 279
227 281
227 284
227 285
227 289
227 290
227 294
227 295
227 296
227 298
227 300
227 323
227 337
227 343
227 356
227 361
228 236
228 242
228 245
228 249
228 254
228 258
228 261
228 263
228 265
228 267
228 269
228 272
228 281
228 287
228 288
228 291
228 296
228 300
228 310
228 323
228 331
228 333
228 337
228 348
228 349
228 355
228 356
228 357
228 359
228 360
228 367
228 394
229 231
229 237
229 239
229 247
229 248
229 251
229 268
229 269
229 273
229 277
229 278
229 288
229 290
229 291
229 299
229 303
229 309
229 328
229 337
229 348
229 350
229 360
229 363
229 364
229 372
229 376
229 395
229 396
230 233
230 234
230 238
230 239
230 244
230 248
230 249
230 252
230 254
230 258
230 262
230 264
230 268
230 272
230 274
230 277
230 280
230 282
230 290
230 294
230 302
230 315
230 323
230 328
230 336
230 341
230 342
230 347
230 366
230 381
230 384
230 394
231 235
231 236
231 238
231 249
231 251
231 259
231 284
231 287
231 290
231 293
231 299
231 320
231 322
231 332
231 343
231 344
231 346
231 367
231 373
231 374
231 389
232 235
232 244
232 246
232 247
232 259
232 279
232 284
232 289
232 293
232 297
232 299
232 301
232 305
232 308
232 311
232 318
232 322
232 356
232 363
232 369
232 385
233 235
233 237
233 238
233 241
233 246
233 247
233 251
233 257
233 259
233 265
233 268
233 273
233 275
233 277
233 289
233 290
233 292
233 308
233 309
233 316
233 334
233 336
233 342
233 356
233 363
233 375
233 382
233 388
234 236
234 239
234 243
234 244
234 245
234 246
234 247
234 255
234 263
234 264
234 265
234 268
234 269
234 277
234 282
234 283
234 285
234 287
234 288
234 291
234 292
234 297
234 300
234 309
234 313
234 326
234 333
234 339
234 357
234 371
234 376
234 382
234 385
235 236
235 242
235 245
235 249
235 251
235 252
235 254
235 259
235 260
235 263
235 272
235 273
235 277
235 278
235 279
235 283
235 291
235 316
235 322
235 324
235 335
235 349
235 363
235 372
235 375
235 394
235 395
236 239
236 250
236 257
236 258
236 261
236 262
236 264
236 267
236 268
236 269
236 271
236 277
236 280
236 282
236 283
236 284
236 287
236 296
236 298
236 301
236 309
236 341
236 342
236 344
236 349
236 358
236 387
236 388
236 397
237 239
237 240
237 241
237 242
237 243
237 246
237 251
237 252
237 253
237 259
237 261
237 265
237 266
237 270
237 277
237 279
237 280
237 289
237 294
237 298
237 329
237 347
237 350
237 352
237 353
237 379
237 388
238 242
238 246
238 251
238 252
238 253
238 255
238 260
238 261
238 268
238 270
238 272
238 274
238 276
238 278
238 285
238 288
238 289
238 290
238 294
238 295
238 299
238 306
238 320
238 337
238 355
238 357
238 362
238 383
238 399
239 244
239 246
239 247
239 248
239 250
239 254
239 256
239 258
239 266
239 269
239 271
239 277
239 278
239 279
239 281
239 282
239 285
239 293
239 296
239 314
239 322
239 337
239 338
239 361
239 366
239 372
239 373
240 242
240 243
240 252
240 253
240 256
240 257
240 259
240 265
240 272
240 274
240 275
240 278
240 281
240 282
240 287
240 298
240 314
240 316
240 338
240 360
240 368
240 369
240 376
240 379
240 380
241 243
241 245
241 247
241 248
241 249
241 252
241 255
241 261
241 262
241 266
241 271
241 276
241 281
241 282
241 285
241 293
241 296
241 298
241 299
241 310
241 320
241 327
241 331
241 340
241 369
241 378
242 243
242 245
242 246
242 250
242 251
242 252
242 259
242 260
242 263
242 266
242 267
242 284
242 286
242 291
242 297
242 305
242 318
242 350
242 366
242 367
242 369
242 370
242 380
242 384
243 252
243 258
243 259
243 260
243 263
243 266
243 270
243 271
243 272
243 273
243 278
243 280
243 281
243 284
243 292
243 295
243 297
243 298
243 323
243 328
243 341
243 346
243 352
243 382
243 383
243 386
243 387
243 393
244 245
244 246
244 247
244 255
244 257
244 258
244 263
244 265
244 274
244 285
244 290
244 291
244 292
244 294
244 329
244 341
244 342
244 354
244 391
245 249
245 251
245 257
245 258
245 260
245 267
245 270
245 273
245 278
245 279
245 283
245 287
245 288
245 290
245 291
245 302
245 314
245 346
245 353
245 378
245 382
245 399
246 248
246 249
246 250
246 251
246 254
246 258
246 262
246 267
246 268
246 271
246 272
246 275
246 288
246 291
246 299
246 315
246 317
246 332
246 338
246 343
246 347
246 351
246 371
246 376
247 254
247 256
247 265
247 269
247 270
247 274
247 276
247 278
247 283
247 288
247 289
247 290
247 318
247 324
247 332
247 337
247 353
247 368
247 386
247 390
248 249
248 252
248 253
248 259
248 260
248 261
248 264
248 267
248 271
248 272
248 275
248 276
248 278
248 280
248 281
248 293
248 294
248 302
248 306
248 315
248 325
248 332
248 335
248 347
248 354
248 360
248 372
248 374
248 380
248 384
248 389
248 391
249 251
249 259
249 266
249 269
249 271
249 277
249 285
249 287
249 294
249 296
249 309
249 316
249 322
249 331
249 345
249 357
249 380
249 387
249 393
250 256
250 260
250 263
250 264
250 271
250 277
250 279
250 284
250 285
250 286
250 290
250 292
250 293
250 294
250 295
250 297
250 305
250 327
250 337
250 338
250 341
250 365
250 368
250 370
250 389
250 390
250 391
250 395
250 397
251 255
251 259
251 260
251 269
251 271
251 272
251 273
251 275
251 276
251 277
251 282
251 283
251 284
251 287
251 323
251 326
251 341
251 342
251 345
251 360
251 371
251 373
251 375
251 377
251 394
251 396
251 398
252 253
252 254
252 255
252 258
252 260
252 262
252 264
252 268
252 273
252 275
252 276
252 278
252 291
252 292
252 295
252 297
252 298
252 326
252 333
252 352
252 378
252 394
252 398
253 255
253 256
253 259
253 261
253 265
253 268
253 271
253 278
253 283
253 285
253 286
253 287
253 288
253 292
253 295
253 297
253 301
253 302
253 314
253 320
253 322
253 365
253 382
253 387
253 388
254 258
254 260
254 261
254 262
254 266
254 271
254 273
254 277
254 279
254 283
254 287
254 289
254 290
254 291
254 294
254 297
254 321
254 326
254 343
254 349
254 352
254 353
254 355
254 359
254 361
254 369
254 370
254 382
254 396
255 257
255 261
255 262
255 275
255 279
255 285
255 286
255 290
255 292
255 293
255 298
255 302
255 327
255 339
255 344
255 346
255 356
255 357
255 385
255 391
256 262
256 263
256 268
256 269
256 277
256 278
256 279
256 284
256 287
256 289
256 291
256 293
256 296
256 298
256 300
256 320
256 334
256 390
257 258
257 262
257 265
257 266
257 269
257 270
257 271
257 272
257 278
257 280
257 282
257 283
257 288
257 289
257 297
257 301
257 323
257 341
257 349
257 361
257 373
257 377
257 382
257 383
257 389
257 394
258 264
258 265
258 267
258 268
258 274
258 276
258 277
258 278
258 282
258 283
258 285
258 291
258 292
258 293
258 294
258 295
258 296
258 300
258 319
258 327
258 333
258 352
258 362
259 261
259 266
259 269
259 274
259 283
259 287
259 295
259 297
259 299
259 316
259 325
259 331
259 332
259 340
259 341
259 345
259 351
259 352
259 377
259 383
259 386
259 396
259 398
259 399
260 266
260 269
260 270
260 278
260 279
260 282
260 283
260 292
260 298
260 299
260 331
260 337
260 338
260 354
260 358
260 363
260 378
260 380
260 384
261 262
261 264
261 266
261 267
261 268
261 272
261 273
261 275
261 276
261 282
261 284
261 287
261 292
261 295
261 315
261 323
261 324
261 328
261 346
261 358
261 362
261 372
261 376
261 381
261 393
261 395
262 263
262 266
262 270
262 272
262 273
262 274
262 275
262 277
262 281
262 282
262 284
262 287
262 290
262 295
262 296
262 304
262 307
262 308
262 314
262 318
262 320
262 324
262 327
262 329
262 352
262 355
262 356
262 368
262 373
262 374
262 376
262 381
262 388
263 271
263 273
263 275
263 276
263 277
263 280
263 283
263 285
263 286
263 287
263 288
263 289
263 297
263 298
263 302
263 314
263 331
263 334
263 341
263 343
263 373
263 379
263 387
263 394
263 398
264 271
264 276
264 280
264 284
264 285
264 287
264 290
264 293
264 294
264 295
264 296
264 297
264 298
264 299
264 323
264 336
264 340
264 347
264 351
264 358
264 365
264 376
264 389
265 266
265 272
265 274
265 277
265 285
265 286
265 287
265 290
265 292
265 298
265 304
265 324
265 325
265 326
265 327
265 330
265 343
265 348
265 350
265 358
265 371
265 373
265 390
266 268
266 271
266 272
266 275
266 276
266 277
266 283
266 287
266 289
266 291
266 299
266 308
266 311
266 316
266 324
266 325
266 328
266 347
266 369
266 375
266 380
266 381
266 391
266 396
266 397
267 269
267 270
267 275
267 276
267 278
267 279
267 282
267 293
267 306
267 333
267 375
268 269
268 272
268 280
268 281
268 287
268 290
268 296
268 297
268 298
268 301
268 311
268 314
268 328
268 337
268 368
268 369
268 374
268 375
268 382
268 395
268 397
269 270
269 277
269 278
269 293
269 296
269 298
269 299
269 332
269 337
269 359
269 369
269 391
270 271
270 282
270 286
270 287
270 288
270 290
270 292
270 293
270 294
270 295
270 298
270 300
270 328
270 331
270 335
270 350
270 351
270 368
270 369
270 370
270 376
270 377
270 399
271 273
271 274
271 275
271 279
271 280
271 282
271 284
271 285
271 287
271 289
271 290
271 292
271 294
271 295
271 314
271 324
271 328
271 341
271 354
271 358
271 369
271 375
271 381
271 382
271 387
271 390
272 276
272 278
272 281
272 284
272 288
272 290
272 294
272 305
272 307
272 309
272 314
272 322
272 331
272 338
272 349
272 351
272 375
272 383
272 391
273 276
273 280
273 281
273 282
273 283
273 285
273 288
273 291
273 292
273 327
273 335
273 339
273 349
273 360
273 367
273 379
273 380
273 393
274 276
274 282
274 286
274 295
274 298
274 310
274 320
274 324
274 335
274 340
274 341
274 354
274 378
274 398
275 276
275 282
275 286
275 287
275 293
275 296
275 298
275 329
275 333
275 354
275 360
275 378
275 380
276 279
276 281
276 284
276 286
276 289
276 291
276 292
276 295
276 299
276 318
276 319
276 332
276 347
276 366
276 381
277 278
277 282
277 284
277 287
277 288
277 290
277 292
277 294
277 299
277 306
277 316
277 318
277 320
277 341
277 343
277 347
277 362
277 393
277 399
278 279
278 280
278 283
278 285
278 286
278 293
278 294
278 295
278 297
278 305
278 310
278 314
278 322
278 324
278 341
278 345
278 349
278 351
278 353
278 364
278 382
278 385
278 389
278 399
279 281
279 286
279 294
279 296
279 299
279 313
279 322
279 327
279 338
279 339
279 353
279 365
279 386
279 393
279 395
280 283
280 286
280 287
280 289
280 291
280 297
280 299
280 306
280 314
280 317
280 330
280 336
280 344
280 359
280 360
280 365
281 283
281 284
281 285
281 286
281 288
281 289
281 295
281 299
281 300
281 302
281 308
281 324
281 329
281 342
281 348
281 350
281 352
281 364
281 378
281 381
281 384
282 283
282 284
282 287
282 299
282 315
282 324
282 346
282 350
282 353
282 356
282 362
282 383
282 389
282 399
283 284
283 288
283 289
283 293
283 294
283 300
283 302
283 310
283 326
283 331
283 333
283 354
283 358
283 360
283 361
283 375
283 379
283 386
283 389
284 287
284 289
284 291
284 292
284 316
284 355
284 366
284 372
284 374
284 380
284 388
284 391
284 396
284 398
285 297
285 307
285 316
285 341
285 347
285 352
285 362
285 369
285 380
285 383
286 292
286 298
286 309
286 311
286 332
286 347
286 355
286 373
286 374
287 289
287 292
287 296
287 305
287 312
287 319
287 324
287 346
287 394
288 290
288 291
288 293
288 302
288 304
288 310
288 317
288 323
288 327
288 330
288 331
288 340
288 349
288 366
289 292
289 297
289 298
289 299
289 300
289 305
289 310
289 313
289 324
289 330
289 340
289 349
289 351
289 357
289 374
289 385
289 391
290 291
290 292
290 293
290 296
290 297
290 298
290 299
290 304
290 309
290 337
290 350
290 358
290 359
290 361
290 362
290 374
290 375
290 391
291 292
291 295
291 297
291 299
291 304
291 321
291 322
291 353
291 377
291 378
291 381
291 394
292 295
292 296
292 297
292 299
292 301
292 328
292 337
292 357
292 362
292 369
292 370
292 391
293 294
293 310
293 320
293 331
293 337
293 349
293 369
293 373
293 381
294 295
294 296
294 297
294 301
294 317
294 318
294 327
294 331
294 334
294 368
294 375
294 384
294 399
295 318
295 327
295 332
295 340
295 345
295 356
295 385
295 386
295 391
296 298
296 299
296 302
296 304
296 317
296 321
296 325
296 345
296 351
296 374
296 378
296 380
296 390
296 391
296 393
297 305
297 316
297 327
297 329
297 343
297 346
297 349
297 351
298 304
298 317
298 325
298 345
298 358
298 361
298 369
298 375
298 392
298 396
299 318
299 319
299 352
299 365
299 374
299 389
300 306
300 315
300 323
300 324
300 328
300 332
300 338
300 340
300 344
300 353
300 363
300 364
300 367
300 372
300 374
300 376
300 377
300 382
300 384
300 396
301 302
301 303
301 307
301 311
301 313
301 314
301 315
301 316
301 317
301 323
301 325
301 332
301 335
301 337
301 338
301 342
301 343
301 345
301 348
301 354
301 360
301 361
301 364
301 365
301 367
301 370
301 371
301 372
301 373
301 377
301 378
301 388
301 393
301 394
301 397
301 398
302 304
302 306
302 308
302 314
302 315
302 317
302 323
302 324
302 325
302 339
302 340
302 343
302 346
302 352
302 359
302 360
302 361
302 365
302 366
302 369
302 371
302 373
302 378
302 382
302 383
302 384
302 385
302 390
302 398
303 304
303 306
303 308
303 312
303 313
303 315
303 318
303 324
303 326
303 328
303 329
303 330
303 332
303 335
303 336
303 337
303 341
303 342
303 347
303 348
303 351
303 353
303 359
303 362
303 363
303 364
303 377
303 379
303 381
303 387
303 388
303 391
303 392
303 395
303 398
303 399
304 307
304 316
304 317
304 324
304 327
304 330
304 332
304 336
304 338
304 340
304 346
304 347
304 350
304 358
304 359
304 373
304 374
304 375
304 377
304 378
304 380
304 385
304 397
305 316
305 318
305 323
305 325
305 326
305 333
305 334
305 340
305 341
305 350
305 352
305 354
305 355
305 358
305 362
305 363
305 367
305 368
305 377
305 388
305 390
305 391
305 394
305 397
305 399
306 311
306 314
306 317
306 319
306 325
306 326
306 330
306 332
306 334
306 335
306 339
306 341
306 342
306 344
306 346
306 350
306 351
306 353
306 354
306 358
306 362
306 365
306 368
306 376
306 383
306 385
306 386
306 388
306 389
306 391
306 394
307 308
307 309
307 313
307 320
307 321
307 326
307 329
307 330
307 331
307 335
307 336
307 341
307 343
307 346
307 348
307 353
307 355
307 358
307 359
307 364
307 365
307 366
307 368
307 369
307 370
307 374
307 376
307 384
307 388
307 390
307 392
307 396
308 311
308 312
308 320
308 324
308 325
308 326
308 327
308 328
308 330
308 332
308 335
308 339
308 340
308 359
308 363
308 370
308 379
308 382
308 385
308 387
308 388
308 389
308 390
308 391
308 395
308 397
309 310
309 312
309 313
309 315
309 322
309 327
309 329
309 333
309 336
309 337
309 338
309 340
309 342
309 345
309 349
309 352
309 360
309 363
309 366
309 369
309 374
309 378
309 380
309 382
309 385
309 388
309 391
309 396
309 399
310 313
310 315
310 316
310 337
310 338
310 341
310 343
310 348
310 352
310 355
310 365
310 369
310 375
310 384
310 386
310 388
310 389
310 393
310 394
311 313
311 319
311 324
311 328
311 334
311 340
311 341
311 343
311 347
311 350
311 353
311 357
311 359
311 363
311 366
311 371
311 373
311 374
311 376
311 377
311 380
311 387
311 389
311 393
311 396
312 314
312 315
312 320
312 325
312 331
312 332
312 334
312 335
312 336
312 337
312 339
312 340
312 341
312 348
312 351
312 359
312 373
312 379
312 382
312 385
312 387
312 392
312 394
312 397
313 316
313 318
313 320
313 322
313 324
313 326
313 330
313 333
313 338
313 339
313 344
313 345
313 350
313 353
313 356
313 358
313 359
313 361
313 368
313 371
313 375
313 376
313 377
313 380
313 381
313 383
313 384
313 385
313 388
313 390
313 391
313 393
314 316
314 318
314 320
314 328
314 331
314 336
314 344
314 345
314 347
314 349
314 351
314 360
314 362
314 366
314 373
314 375
314 376
314 377
314 379
314 380
314 392
315 316
315 318
315 321
315 326
315 329
315 330
315 336
315 337
315 338
315 339
315 342
315 348
315 357
315 358
315 360
315 364
315 365
315 372
315 373
315 379
315 380
315 382
315 383
315 389
315 394
315 395
315 396
316 317
316 322
316 323
316 333
316 338
316 339
316 342
316 348
316 352
316 357
316 359
316 360
316 361
316 362
316 363
316 372
316 380
316 386
316 389
316 394
317 324
317 326
317 334
317 335
317 336
317 337
317 340
317 343
317 346
317 347
317 351
317 352
317 355
317 359
317 360
317 363
317 364
317 365
317 372
317 373
317 374
317 376
317 378
317 380
317 381
317 382
317 384
317 386
317 391
317 394
317 395
317 397
318 319
318 323
318 325
318 331
318 334
318 336
318 344
318 348
318 350
318 351
318 352
318 358
318 360
318 363
318 365
318 367
318 369
318 371
318 384
318 385
318 387
318 389
318 391
318 394
318 397
318 399
319 327
319 331
319 334
319 335
319 340
319 343
319 345
319 347
319 357
319 360
319 361
319 363
319 366
319 369
319 371
319 374
319 381
319 384
319 386
319 387
319 388
319 399
320 321
320 326
320 327
320 328
320 329
320 344
320 347
320 348
320 349
320 354
320 359
320 361
320 362
320 364
320 368
320 371
320 372
320 374
320 377
320 378
320 379
320 381
320 382
320 384
320 387
320 395
320 396
320 397
321 329
321 330
321 331
321 334
321 337
321 348
321 352
321 353
321 356
321 357
321 359
321 360
321 365
321 369
321 374
321 375
321 379
321 380
321 386
321 390
321 393
321 398
322 323
322 324
322 334
322 338
322 339
322 342
322 344
322 345
322 346
322 347
322 348
322 350
322 351
322 352
322 353
322 355
322 359
322 363
322 378
322 388
322 391
322 397
322 398
323 324
323 325
323 328
323 329
323 331
323 336
323 338
323 343
323 347
323 351
323 352
323 353
323 356
323 366
323 370
323 373
323 375
323 377
323 382
323 383
323 385
323 387
323 390
323 394
323 395
324 326
324 327
324 332
324 341
324 344
324 346
324 352
324 361
324 362
324 364
324 367
324 368
324 369
324 374
324 376
324 377
324 390
324 391
324 394
324 395
324 396
324 398
325 326
325 332
325 335
325 340
325 341
325 342
325 343
325 346
325 349
325 351
325 352
325 353
325 354
325 356
325 357
325 366
325 368
325 372
325 373
325 374
325 377
325 383
325 386
325 387
325 389
325 391
325 392
325 393
325 395
325 399
326 327
326 328
326 329
326 330
326 331
326 334
326 335
326 336
326 342
326 343
326 345
326 351
326 355
326 359
326 360
326 361
326 363
326 364
326 366
326 367
326 379
326 380
326 381
326 383
326 385
326 387
326 390
326 391
326 392
326 393
326 394
326 398
327 328
327 329
327 330
327 337
327 342
327 344
327 349
327 353
327 358
327 361
327 362
327 365
327 366
327 369
327 371
327 372
327 373
327 376
327 378
327 379
327 381
327 391
327 392
327 394
327 397
327 398
327 399
328 335
328 336
328 341
328 343
328 351
328 352
328 354
328 355
328 357
328 359
328 365
328 368
328 373
328 374
328 375
328 376
328 377
328 379
328 383
328 386
328 390
328 394
328 398
329 331
329 334
329 335
329 340
329 341
329 343
329 344
329 350
329 353
329 354
329 357
329 364
329 366
329 372
329 373
329 376
329 378
329 380
329 384
329 385
329 386
329 388
329 394
329 398
330 333
330 341
330 342
330 343
330 346
330 347
330 351
330 361
330 362
330 364
330 365
330 367
330 369
330 372
330 377
330 383
330 386
330 387
330 389
330 390
330 393
330 394
330 397
331 332
331 355
331 357
331 360
331 364
331 370
331 371
331 373
331 376
331 379
331 387
331 388
331 395
331 397
332 341
332 344
332 349
332 351
332 355
332 362
332 363
332 367
332 368
332 370
332 392
333 334
333 337
333 341
333 343
333 352
333 355
333 362
333 367
333 372
333 375
333 376
333 380
333 395
334 337
334 338
334 339
334 343
334 347
334 348
334 351
334 352
334 353
334 360
334 363
334 369
334 370
334 371
334 372
334 375
334 376
334 377
334 378
334 385
334 386
334 387
334 391
334 393
334 395
334 397
334 398
335 337
335 350
335 351
335 352
335 353
335 354
335 357
335 359
335 360
335 361
335 363
335 365
335 372
335 373
335 378
335 380
335 381
335 382
335 385
335 386
335 387
335 390
335 391
335 398
336 338
336 341
336 342
336 344
336 346
336 348
336 358
336 359
336 360
336 361
336 364
336 369
336 370
336 375
336 377
336 380
336 392
336 393
336 395
336 397
337 344
337 348
337 350
337 354
337 355
337 356
337 360
337 368
337 369
337 374
337 375
337 378
337 380
337 384
337 386
337 397
338 339
338 347
338 348
338 351
338 356
338 358
338 362
338 363
338 367
338 368
338 369
338 370
338 379
338 380
338 381
338 383
338 390
338 391
338 393
338 399
339 343
339 355
339 356
339 359
339 360
339 365
339 367
339 368
339 376
339 377
339 381
339 387
339 388
339 391
339 396
340 342
340 344
340 345
340 351
340 354
340 355
340 358
340 359
340 366
340 370
340 375
340 378
340 381
340 382
340 384
340 387
340 388
340 396
340 397
340 399
341 343
341 346
341 349
341 350
341 352
341 353
341 356
341 359
341 360
341 362
341 365
341 366
341 370
341 376
341 381
341 385
341 386
341 388
341 389
341 392
341 393
341 397
342 343
342 347
342 356
342 357
342 362
342 367
342 369
342 370
342 382
342 383
342 385
342 389
342 394
342 398
342 399
343 344
343 354
343 355
343 356
343 363
343 372
343 376
343 378
343 379
343 380
343 384
343 385
343 386
343 392
343 395
343 396
343 398
344 345
344 360
344 366
344 367
344 369
344 370
344 373
344 379
344 382
344 385
344 387
344 388
344 392
344 394
344 398
345 361
345 364
345 365
345 366
345 367
345 369
345 373
345 377
345 380
345 381
345 382
345 383
345 389
345 390
345 393
345 395
345 398
345 399
346 349
346 354
346 357
346 358
346 359
346 360
346 363
346 365
346 374
346 378
346 379
346 380
346 382
346 384
346 386
346 392
346 396
346 398
346 399
347 349
347 351
347 352
347 353
347 354
347 356
347 362
347 365
347 370
347 373
347 374
347 376
347 379
347 387
347 394
347 395
347 398
347 399
348 353
348 354
348 356
348 366
348 368
348 370
348 377
348 385
348 386
348 390
348 394
348 395
348 399
349 353
349 358
349 362
349 364
349 365
349 368
349 370
349 372
349 374
349 376
349 377
349 382
349 385
349 388
349 390
349 392
349 396
350 358
350 361
350 365
350 367
350 382
350 384
350 385
350 387
350 389
350 393
351 352
351 356
351 360
351 361
351 375
351 378
351 379
351 380
351 382
351 390
351 391
351 392
351 393
351 395
351 398
352 353
352 360
352 366
352 367
352 376
352 382
352 384
352 385
352 388
352 396
353 355
353 360
353 368
353 370
353 374
353 379
353 380
353 383
353 387
353 394
353 396
353 397
354 356
354 360
354 365
354 367
354 368
354 369
354 370
354 379
354 380
354 381
354 384
354 388
354 391
354 393
354 394
355 357
355 358
355 363
355 365
355 369
355 372
355 373
355 380
355 391
355 392
355 396
355 397
356 360
356 364
356 369
356 371
356 373
356 375
356 378
356 379
356 381
356 382
356 383
356 393
356 395
356 397
357 362
357 366
357 374
357 376
357 377
357 378
357 380
357 383
357 384
357 386
357 392
357 393
357 394
358 361
358 362
358 363
358 366
358 372
358 374
358 377
358 379
358 386
358 390
358 392
358 396
358 397
358 398
359 364
359 365
359 369
359 370
359 373
359 376
359 379
359 386
359 388
359 391
359 392
359 393
359 399
360 363
360 364
360 367
360 373
360 374
360 377
360 378
360 384
360 386
360 389
360 390
360 391
360 394
360 398
361 365
361 367
361 368
361 371
361 374
361 375
361 376
361 378
361 379
361 380
361 381
361 382
361 383
361 386
361 387
361 390
361 392
361 397
362 363
362 364
362 377
362 388
362 389
362 397
363 367
363 369
363 373
363 378
363 380
363 384
363 388
363 394
363 395
363 398
364 368
364 369
364 370
364 371
364 373
364 374
364 375
364 377
364 381
364 382
364 384
364 386
364 387
364 388
364 392
364 393
364 395
365 367
365 369
365 376
365 380
365 381
365 382
365 384
365 385
365 388
365 389
365 392
365 395
365 396
366 367
366 372
366 378
366 384
366 394
366 398
367 368
367 369
367 372
367 378
367 381
367 389
367 397
368 373
368 375
368 378
368 381
368 387
368 389
368 391
368 395
369 370
369 373
369 377
369 386
369 394
369 396
369 397
370 371
370 376
370 378
370 384
370 386
370 387
370 388
370 395
370 397
371 375
371 376
371 380
371 386
371 387
371 389
371 390
371 396
372 373
372 374
372 375
372 376
372 378
372 379
372 382
372 383
372 391
372 392
372 394
373 376
373 377
373 385
373 386
373 387
373 392
373 397
373 399
374 375
374 378
374 387
374 390
374 395
374 397
374 398
375 379
375 386
375 387
375 389
375 391
375 398
376 378
376 380
376 385
376 386
376 394
376 396
376 399
377 379
377 383
377 385
377 389
377 393
377 399
378 379
378 382
378 385
378 392
378 394
379 387
379 391
379 393
379 395
379 399
380 381
380 386
380 387
380 389
380 397
381 386
381 389
381 390
381 393
381 396
382 388
382 390
382 394
382 395
383 387
383 388
383 391
383 392
383 394
383 395
383 398
384 392
384 394
384 395
384 397
385 386
385 389
385 392
385 396
385 397
385 398
386 390
386 395
386 396
386 397
386 398
387 389
387 392
387 398
388 391
388 395
388 396
389 394
389 395
389 399
390 392
390 394
390 395
391 393
391 396
392 396
392 399
393 395
393 396
393 397
393 399
395 399
