0 2
0 8
0 11
0 13
0 14
0 21
0 25
0 26
0 30
0 32
0 34
0 36
0 39
0 43
0 49
0 51
0 57
0 59
0 65
0 66
0 72
0 74
0 77
0 79
0 84
0 88
0 89
0 92
0 93
0 95
0 109
0 113
0 114
0 118
0 119
0 131
0 147
0 152
0 171
0 192
0 213
0 217
0 226
0 251
0 270
0 276
0 283
0 289
0 309
0 310
0 342
0 346
0 372
0 385
0 386
0 392
0 397
1 3
1 5
1 7
1 10
1 11
1 16
1 18
1 22
1 25
1 26
1 28
1 31
1 38
1 41
1 42
1 46
1 53
1 55
1 62
1 64
1 65
1 72
1 73
1 74
1 75
1 80
1 81
1 82
1 84
1 87
1 94
1 95
1 96
1 97
1 99
1 103
1 105
1 106
1 118
1 120
1 123
1 138
1 141
1 145
1 151
1 153
1 174
1 181
1 184
1 202
1 205
1 214
1 257
1 270
1 286
1 289
1 290
1 298
1 301
1 304
1 327
1 332
1 338
1 344
1 351
1 361
1 366
1 369
1 382
1 394
1 397
2 3
2 5
2 7
2 12
2 14
2 16
2 17
2 19
2 23
2 26
2 28
2 30
2 31
2 35
2 36
2 37
2 41
2 42
2 44
2 46
2 47
2 51
2 52
2 54
2 58
2 59
2 68
2 70
2 74
2 79
2 82
2 86
2 94
2 121
2 130
2 137
2 141
2 144
2 163
2 165
2 192
2 196
2 197
2 211
2 222
2 229
2 245
2 263
2 265
2 286
2 295
2 307
2 316
2 334
2 337
2 352
2 356
2 357
2 366
2 369
2 380
2 383
3 8
3 17
3 19
3 21
3 27
3 28
3 32
3 33
3 37
3 42
3 45
3 47
3 49
3 50
3 54
3 56
3 58
3 59
3 61
3 68
3 79
3 81
3 83
3 86
3 88
3 98
3 99
3 100
3 127
3 133
3 134
3 141
3 151
3 152
3 153
3 194
3 206
3 210
3 211
3 221
3 224
3 225
3 256
3 260
3 266
3 275
3 276
3 277
3 304
3 307
3 310
3 316
3 331
3 336
3 372
3 382
3 392
3 399
4 5
4 9
4 10
4 11
4 14
4 16
4 17
4 20
4 22
4 25
4 26
4 27
4 28
4 30
4 31
4 32
4 33
4 38
4 40
4 44
4 45
4 47
4 48
4 51
4 59
4 61
4 67
4 72
4 76
4 87
4 89
4 94
4 95
4 104
4 116
4 119
4 138
4 154
4 177
4 184
4 204
4 215
4 225
4 253
4 261
4 288
4 290
4 295
4 300
4 303
4 314
4 343
4 349
4 353
4 359
4 391
4 394
4 399
5 12
5 17
5 21
5 23
5 24
5 25
5 26
5 29
5 33
5 35
5 38
5 40
5 48
5 55
5 59
5 62
5 63
5 66
5 69
5 70
5 73
5 75
5 76
5 79
5 80
5 82
5 83
5 87
5 91
5 93
5 94
5 127
5 129
5 131
5 140
5 151
5 177
5 200
5 211
5 212
5 216
5 231
5 248
5 255
5 273
5 283
5 287
5 288
5 292
5 299
5 300
5 320
5 323
5 341
5 370
5 381
6 7
6 8
6 13
6 14
6 16
6 18
6 21
6 29
6 30
6 32
6 38
6 45
6 46
6 60
6 61
6 70
6 72
6 74
6 81
6 82
6 84
6 93
6 95
6 96
6 122
6 138
6 154
6 164
6 169
6 173
6 181
6 196
6 199
6 206
6 219
6 222
6 226
6 231
6 241
6 251
6 255
6 266
6 281
6 286
6 289
6 311
6 320
6 322
6 323
6 328
6 329
6 334
6 341
6 343
6 370
6 373
6 381
6 398
6 399
7 9
7 13
7 17
7 27
7 28
7 34
7 37
7 39
7 45
7 46
7 48
7 56
7 57
7 58
7 60
7 69
7 70
7 71
7 75
7 77
7 84
7 87
7 89
7 93
7 106
7 120
7 121
7 138
7 145
7 147
7 150
7 156
7 163
7 171
7 174
7 188
7 204
7 207
7 230
7 251
7 252
7 253
7 257
7 271
7 272
7 277
7 281
7 286
7 291
7 292
7 299
7 303
7 315
7 341
7 343
7 346
7 349
7 357
7 366
7 384
7 387
7 391
7 392
8 9
8 17
8 19
8 22
8 23
8 24
8 26
8 27
8 32
8 33
8 34
8 42
8 45
8 47
8 48
8 51
8 53
8 56
8 57
8 60
8 62
8 63
8 71
8 73
8 76
8 77
8 79
8 81
8 82
8 90
8 96
8 100
8 103
8 114
8 117
8 119
8 125
8 133
8 140
8 161
8 167
8 173
8 179
8 240
8 279
8 280
8 281
8 290
8 314
8 325
8 327
8 341
8 345
8 354
8 360
8 363
8 368
8 374
8 379
8 392
9 10
9 14
9 17
9 20
9 24
9 27
9 30
9 36
9 37
9 38
9 39
9 41
9 50
9 51
9 56
9 69
9 73
9 74
9 76
9 84
9 85
9 92
9 94
9 99
9 110
9 116
9 117
9 123
9 133
9 141
9 142
9 152
9 153
9 158
9 183
9 188
9 191
9 222
9 241
9 245
9 265
9 275
9 277
9 302
9 303
9 305
9 310
9 351
9 356
9 372
9 383
9 384
9 397
10 11
10 14
10 16
10 17
10 23
10 24
10 25
10 26
10 31
10 35
10 38
10 39
10 40
10 43
10 44
10 48
10 49
10 52
10 60
10 65
10 66
10 69
10 70
10 79
10 87
10 91
10 92
10 94
10 98
10 101
10 104
10 110
10 118
10 120
10 124
10 131
10 139
10 143
10 160
10 164
10 165
10 169
10 172
10 188
10 194
10 195
10 203
10 207
10 240
10 242
10 264
10 275
10 286
10 287
10 294
10 307
10 319
10 324
10 338
10 343
10 347
10 350
10 363
10 369
10 375
10 384
10 388
11 14
11 15
11 20
11 28
11 29
11 36
11 41
11 42
11 44
11 45
11 46
11 49
11 59
11 60
11 63
11 64
11 68
11 69
11 70
11 73
11 75
11 79
11 82
11 83
11 86
11 92
11 98
11 110
11 111
11 116
11 138
11 145
11 155
11 164
11 168
11 180
11 184
11 190
11 193
11 213
11 215
11 229
11 254
11 260
11 277
11 325
11 326
11 336
11 341
11 351
11 361
11 372
11 374
12 14
12 18
12 21
12 24
12 27
12 28
12 32
12 35
12 37
12 41
12 43
12 44
12 45
12 50
12 51
12 52
12 55
12 56
12 57
12 65
12 68
12 74
12 76
12 79
12 83
12 85
12 88
12 93
12 94
12 97
12 99
12 112
12 115
12 117
12 121
12 139
12 140
12 144
12 149
12 172
12 175
12 176
12 178
12 182
12 184
12 187
12 216
12 223
12 235
12 237
12 241
12 246
12 268
12 272
12 285
12 286
12 290
12 314
12 323
12 327
12 331
12 339
12 340
12 343
12 364
12 365
12 366
12 377
12 383
12 398
13 21
13 25
13 28
13 32
13 39
13 45
13 49
13 52
13 54
13 58
13 59
13 61
13 65
13 69
13 70
13 71
13 74
13 76
13 78
13 82
13 83
13 89
13 91
13 96
13 98
13 115
13 135
13 150
13 167
13 178
13 179
13 204
13 219
13 220
13 234
13 256
13 260
13 278
13 282
13 286
13 301
13 307
13 318
13 328
13 343
13 359
13 360
13 367
13 376
14 16
14 17
14 18
14 19
14 25
14 27
14 30
14 31
14 34
14 38
14 39
14 44
14 48
14 52
14 60
14 61
14 62
14 63
14 65
14 67
14 68
14 69
14 70
14 78
14 79
14 80
14 84
14 85
14 87
14 92
14 93
14 95
14 101
14 120
14 129
14 132
14 141
14 154
14 185
14 193
14 202
14 208
14 212
14 222
14 266
14 272
14 276
14 300
14 304
14 310
14 318
14 324
14 326
14 341
14 349
14 351
14 361
14 363
15 18
15 22
15 27
15 28
15 30
15 32
15 33
15 38
15 44
15 56
15 58
15 59
15 64
15 66
15 69
15 74
15 80
15 82
15 89
15 92
15 94
15 95
15 97
15 98
15 99
15 104
15 109
15 116
15 117
15 127
15 144
15 145
15 148
15 176
15 177
15 180
15 190
15 210
15 218
15 225
15 227
15 228
15 252
15 257
15 265
15 277
15 293
15 295
15 296
15 299
15 301
15 305
15 314
15 324
15 331
15 344
15 348
15 368
15 372
15 387
16 34
16 40
16 41
16 43
16 49
16 57
16 59
16 61
16 62
16 63
16 69
16 70
16 73
16 74
16 75
16 80
16 81
16 84
16 85
16 91
16 138
16 139
16 155
16 157
16 165
16 183
16 197
16 201
16 223
16 238
16 266
16 269
16 279
16 280
16 317
16 326
16 338
16 376
16 377
16 379
16 387
16 390
16 396
17 19
17 25
17 27
17 29
17 32
17 42
17 43
17 45
17 47
17 49
17 50
17 51
17 52
17 55
17 56
17 57
17 60
17 62
17 63
17 64
17 65
17 67
17 68
17 72
17 74
17 82
17 87
17 92
17 94
17 96
17 113
17 124
17 125
17 144
17 170
17 177
17 179
17 197
17 199
17 217
17 233
17 235
17 246
17 271
17 276
17 277
17 278
17 295
17 303
17 327
17 332
17 342
17 344
17 361
17 363
17 367
17 377
17 397
18 19
18 21
18 32
18 38
18 39
18 41
18 43
18 50
18 54
18 58
18 60
18 61
18 65
18 66
18 67
18 72
18 74
18 78
18 79
18 80
18 82
18 83
18 84
18 85
18 89
18 90
18 91
18 94
18 96
18 98
18 101
18 104
18 118
18 132
18 148
18 154
18 159
18 161
18 191
18 194
18 253
18 258
18 266
18 274
18 296
18 298
18 305
18 315
18 322
18 345
18 359
18 365
18 371
18 377
18 383
18 384
18 386
18 391
19 21
19 22
19 25
19 27
19 28
19 34
19 38
19 42
19 50
19 59
19 65
19 66
19 76
19 80
19 82
19 90
19 95
19 120
19 123
19 125
19 131
19 133
19 137
19 157
19 183
19 190
19 214
19 232
19 238
19 239
19 242
19 251
19 291
19 299
19 305
19 318
19 322
19 330
19 339
19 345
19 380
19 383
19 386
19 390
19 393
20 22
20 23
20 25
20 27
20 29
20 30
20 40
20 45
20 47
20 50
20 53
20 58
20 60
20 61
20 65
20 74
20 80
20 85
20 88
20 95
20 131
20 140
20 157
20 166
20 171
20 172
20 173
20 186
20 195
20 200
20 202
20 208
20 235
20 250
20 256
20 266
20 267
20 276
20 291
20 294
20 302
20 309
20 334
20 339
20 346
20 351
20 357
20 377
20 381
20 389
20 395
21 25
21 32
21 33
21 40
21 43
21 45
21 54
21 55
21 57
21 63
21 64
21 65
21 69
21 70
21 74
21 75
21 77
21 79
21 81
21 87
21 91
21 92
21 98
21 99
21 107
21 110
21 119
21 136
21 156
21 165
21 170
21 183
21 200
21 232
21 242
21 252
21 263
21 264
21 277
21 298
21 310
21 321
21 325
21 329
21 354
21 367
21 368
21 370
21 375
21 388
21 389
21 392
22 23
22 24
22 25
22 27
22 29
22 31
22 33
22 34
22 37
22 45
22 49
22 50
22 66
22 70
22 74
22 75
22 81
22 83
22 85
22 87
22 95
22 97
22 99
22 102
22 108
22 111
22 114
22 115
22 154
22 157
22 162
22 173
22 178
22 182
22 193
22 195
22 203
22 226
22 230
22 233
22 253
22 275
22 276
22 289
22 291
22 300
22 302
22 318
22 335
22 348
22 353
22 357
22 360
22 364
22 366
22 370
22 381
22 397
22 399
23 28
23 29
23 30
23 35
23 36
23 38
23 39
23 42
23 47
23 50
23 51
23 57
23 59
23 66
23 68
23 73
23 76
23 78
23 80
23 82
23 83
23 84
23 106
23 107
23 137
23 140
23 149
23 161
23 166
23 182
23 184
23 202
23 210
23 213
23 216
23 218
23 223
23 224
23 226
23 231
23 248
23 259
23 261
23 268
23 273
23 274
23 288
23 291
23 304
23 305
23 314
23 321
23 344
23 348
23 356
23 377
23 379
23 382
23 384
23 390
24 31
24 42
24 43
24 47
24 49
24 53
24 54
24 55
24 58
24 60
24 66
24 68
24 69
24 71
24 72
24 73
24 75
24 79
24 83
24 89
24 96
24 97
24 98
24 126
24 129
24 154
24 156
24 164
24 175
24 197
24 205
24 229
24 233
24 235
24 244
24 249
24 270
24 272
24 294
24 300
24 308
24 314
24 340
24 351
24 353
24 357
24 365
24 392
25 27
25 30
25 32
25 33
25 37
25 38
25 44
25 47
25 51
25 52
25 57
25 59
25 63
25 67
25 72
25 87
25 89
25 90
25 92
25 93
25 99
25 101
25 108
25 115
25 118
25 122
25 148
25 156
25 165
25 170
25 189
25 194
25 206
25 223
25 227
25 233
25 240
25 246
25 257
25 265
25 277
25 282
25 286
25 323
25 326
25 328
25 336
25 337
25 341
25 342
25 343
25 347
25 359
25 365
25 397
26 30
26 38
26 39
26 46
26 48
26 52
26 61
26 66
26 68
26 79
26 82
26 83
26 86
26 87
26 88
26 89
26 122
26 126
26 129
26 137
26 141
26 145
26 162
26 176
26 203
26 223
26 232
26 236
26 276
26 283
26 294
26 310
26 316
26 356
26 357
26 367
26 372
26 374
26 384
26 387
27 28
27 29
27 31
27 39
27 40
27 45
27 47
27 48
27 54
27 56
27 62
27 63
27 64
27 66
27 67
27 68
27 69
27 70
27 71
27 75
27 80
27 82
27 84
27 85
27 100
27 105
27 124
27 135
27 151
27 158
27 159
27 178
27 179
27 184
27 192
27 195
27 204
27 218
27 240
27 251
27 255
27 256
27 299
27 303
27 307
27 348
27 357
27 381
27 384
27 397
28 31
28 36
28 45
28 47
28 49
28 53
28 58
28 63
28 72
28 75
28 76
28 78
28 80
28 81
28 85
28 86
28 89
28 91
28 92
28 94
28 96
28 107
28 125
28 187
28 188
28 214
28 221
28 224
28 227
28 233
28 243
28 254
28 264
28 265
28 313
28 317
28 321
28 333
28 339
28 342
28 345
28 348
28 349
28 352
28 360
28 365
28 371
28 386
29 36
29 39
29 46
29 52
29 54
29 55
29 61
29 63
29 65
29 74
29 75
29 77
29 80
29 85
29 86
29 97
29 98
29 100
29 105
29 109
29 117
29 120
29 121
29 131
29 137
29 165
29 166
29 170
29 175
29 181
29 188
29 198
29 199
29 200
29 229
29 236
29 264
29 291
29 298
29 307
29 308
29 316
29 328
29 337
29 353
29 359
29 362
29 383
29 393
29 399
30 39
30 40
30 41
30 42
30 49
30 52
30 54
30 57
30 58
30 59
30 60
30 61
30 62
30 65
30 66
30 67
30 69
30 70
30 72
30 75
30 85
30 87
30 89
30 91
30 93
30 94
30 96
30 104
30 107
30 118
30 123
30 133
30 137
30 139
30 159
30 171
30 213
30 215
30 225
30 246
30 265
30 283
30 286
30 291
30 294
30 295
30 301
30 305
30 312
30 327
30 336
30 337
30 357
30 397
31 33
31 36
31 37
31 38
31 43
31 46
31 48
31 49
31 54
31 55
31 57
31 63
31 66
31 74
31 83
31 84
31 86
31 92
31 94
31 95
31 114
31 128
31 138
31 148
31 153
31 163
31 177
31 201
31 203
31 217
31 227
31 243
31 244
31 267
31 277
31 290
31 301
31 327
31 338
31 342
31 355
31 356
31 361
31 363
31 364
31 387
31 397
32 37
32 38
32 39
32 41
32 47
32 50
32 51
32 52
32 53
32 58
32 61
32 63
32 66
32 71
32 78
32 80
32 85
32 87
32 92
32 93
32 94
32 95
32 97
32 98
32 126
32 127
32 135
32 181
32 186
32 193
32 196
32 199
32 210
32 212
32 217
32 224
32 235
32 236
32 237
32 245
32 251
32 252
32 260
32 266
32 276
32 280
32 288
32 289
32 291
32 293
32 294
32 297
32 305
32 312
32 320
32 334
32 336
32 347
32 353
32 355
32 361
32 362
32 364
32 394
33 37
33 39
33 41
33 46
33 48
33 49
33 50
33 54
33 55
33 57
33 59
33 63
33 65
33 66
33 67
33 70
33 75
33 76
33 81
33 82
33 88
33 92
33 94
33 96
33 117
33 124
33 125
33 127
33 142
33 146
33 148
33 149
33 168
33 190
33 212
33 215
33 220
33 224
33 225
33 236
33 269
33 279
33 281
33 288
33 291
33 304
33 320
33 356
33 357
33 373
33 380
34 41
34 44
34 47
34 48
34 51
34 52
34 53
34 54
34 60
34 64
34 66
34 68
34 77
34 78
34 79
34 80
34 83
34 85
34 87
34 88
34 89
34 96
34 98
34 102
34 107
34 108
34 119
34 124
34 126
34 127
34 129
34 132
34 137
34 138
34 145
34 152
34 156
34 172
34 176
34 184
34 185
34 199
34 209
34 219
34 232
34 240
34 246
34 252
34 253
34 259
34 277
34 287
34 309
34 320
34 355
34 361
34 370
35 36
35 41
35 42
35 43
35 45
35 47
35 49
35 51
35 53
35 56
35 60
35 65
35 71
35 74
35 81
35 82
35 93
35 94
35 100
35 101
35 143
35 167
35 180
35 184
35 193
35 196
35 200
35 204
35 211
35 214
35 220
35 228
35 231
35 233
35 313
35 335
35 338
35 350
35 351
35 356
35 359
35 362
35 372
35 395
35 396
36 38
36 40
36 50
36 53
36 68
36 72
36 74
36 75
36 79
36 83
36 85
36 91
36 96
36 97
36 98
36 136
36 146
36 154
36 155
36 159
36 161
36 188
36 192
36 197
36 215
36 233
36 236
36 253
36 261
36 262
36 269
36 274
36 277
36 287
36 294
36 301
36 319
36 342
36 349
36 368
36 373
36 387
37 41
37 44
37 48
37 50
37 52
37 58
37 59
37 60
37 62
37 67
37 72
37 73
37 77
37 78
37 79
37 80
37 87
37 89
37 92
37 95
37 97
37 129
37 135
37 143
37 157
37 158
37 159
37 167
37 194
37 231
37 233
37 245
37 253
37 254
37 257
37 265
37 301
37 303
37 316
37 321
37 328
37 337
37 338
37 346
37 365
37 371
38 42
38 49
38 51
38 52
38 56
38 62
38 64
38 65
38 67
38 68
38 72
38 73
38 79
38 86
38 91
38 92
38 97
38 109
38 113
38 116
38 125
38 143
38 146
38 158
38 171
38 173
38 176
38 199
38 231
38 237
38 253
38 287
38 308
38 312
38 327
38 330
38 336
38 341
38 355
38 357
38 358
38 362
38 363
38 378
39 42
39 43
39 45
39 53
39 58
39 60
39 64
39 68
39 69
39 70
39 77
39 79
39 80
39 81
39 84
39 87
39 88
39 89
39 94
39 96
39 101
39 109
39 110
39 127
39 129
39 130
39 132
39 133
39 134
39 145
39 167
39 179
39 185
39 221
39 234
39 240
39 258
39 261
39 273
39 285
39 288
39 293
39 295
39 297
39 298
39 299
39 312
39 314
39 321
39 324
39 325
39 335
39 338
39 344
39 357
39 358
39 359
39 377
39 395
39 398
40 43
40 44
40 46
40 48
40 50
40 52
40 53
40 54
40 56
40 61
40 62
40 63
40 69
40 72
40 79
40 90
40 95
40 99
40 108
40 137
40 142
40 157
40 158
40 162
40 189
40 196
40 210
40 211
40 217
40 218
40 229
40 236
40 239
40 240
40 242
40 245
40 247
40 253
40 256
40 257
40 267
40 270
40 275
40 285
40 288
40 300
40 306
40 354
40 360
40 374
40 388
40 396
41 44
41 48
41 57
41 59
41 60
41 65
41 66
41 69
41 75
41 76
41 79
41 80
41 87
41 89
41 92
41 94
41 99
41 108
41 114
41 117
41 156
41 167
41 170
41 175
41 193
41 205
41 219
41 247
41 252
41 258
41 261
41 267
41 278
41 280
41 291
41 292
41 297
41 331
41 349
41 354
41 362
41 398
42 44
42 45
42 46
42 47
42 50
42 51
42 52
42 53
42 57
42 60
42 64
42 65
42 67
42 71
42 75
42 78
42 80
42 82
42 84
42 87
42 90
42 91
42 93
42 94
42 101
42 109
42 112
42 127
42 148
42 154
42 172
42 188
42 192
42 202
42 216
42 237
42 247
42 259
42 265
42 277
42 278
42 286
42 321
42 322
42 329
42 330
42 346
42 356
42 364
42 366
42 379
43 53
43 69
43 71
43 73
43 74
43 80
43 84
43 86
43 89
43 91
43 95
43 98
43 108
43 128
43 131
43 135
43 142
43 151
43 167
43 181
43 185
43 191
43 202
43 224
43 248
43 265
43 303
43 308
43 354
43 393
44 45
44 48
44 53
44 54
44 55
44 56
44 63
44 67
44 68
44 74
44 76
44 77
44 80
44 82
44 83
44 84
44 86
44 90
44 92
44 95
44 96
44 98
44 99
44 120
44 122
44 125
44 130
44 132
44 150
44 151
44 158
44 178
44 181
44 186
44 188
44 211
44 214
44 245
44 267
44 269
44 272
44 277
44 282
44 283
44 286
44 291
44 297
44 299
44 302
44 304
44 306
44 310
44 312
44 320
44 334
44 344
44 345
44 353
44 365
44 376
44 381
44 384
44 396
44 398
45 50
45 51
45 53
45 66
45 67
45 70
45 76
45 78
45 83
45 87
45 89
45 90
45 95
45 101
45 129
45 133
45 138
45 140
45 171
45 174
45 183
45 195
45 216
45 239
45 241
45 273
45 284
45 287
45 291
45 301
45 346
45 348
45 356
45 370
45 371
45 382
45 386
45 390
46 48
46 49
46 50
46 63
46 65
46 66
46 71
46 74
46 76
46 77
46 78
46 82
46 83
46 84
46 88
46 91
46 95
46 96
46 99
46 103
46 105
46 117
46 124
46 139
46 156
46 159
46 164
46 183
46 195
46 196
46 202
46 215
46 218
46 238
46 242
46 244
46 246
46 252
46 256
46 267
46 269
46 291
46 307
46 308
46 326
46 327
46 331
46 350
46 391
46 392
46 399
47 50
47 53
47 54
47 57
47 58
47 60
47 64
47 66
47 68
47 72
47 73
47 83
47 84
47 89
47 92
47 99
47 104
47 106
47 112
47 138
47 148
47 155
47 166
47 171
47 183
47 184
47 212
47 231
47 238
47 245
47 251
47 277
47 287
47 288
47 291
47 298
47 311
47 336
47 352
47 363
47 366
47 374
47 386
47 393
48 49
48 53
48 61
48 68
48 75
48 87
48 88
48 89
48 91
48 92
48 96
48 99
48 114
48 123
48 130
48 131
48 132
48 139
48 208
48 213
48 215
48 218
48 233
48 243
48 248
48 272
48 286
48 297
48 307
48 334
48 362
48 363
48 372
48 386
48 387
48 389
49 52
49 53
49 55
49 58
49 61
49 63
49 64
49 67
49 70
49 71
49 73
49 74
49 78
49 82
49 84
49 85
49 88
49 90
49 92
49 94
49 95
49 122
49 126
49 130
49 135
49 138
49 139
49 146
49 147
49 174
49 175
49 176
49 178
49 182
49 183
49 200
49 201
49 211
49 212
49 214
49 215
49 224
49 236
49 299
49 332
49 337
49 348
49 358
49 362
49 370
49 377
49 382
49 393
50 56
50 58
50 60
50 62
50 66
50 68
50 70
50 71
50 85
50 86
50 89
50 93
50 94
50 97
50 99
50 112
50 126
50 129
50 132
50 158
50 159
50 169
50 182
50 196
50 198
50 206
50 224
50 225
50 226
50 228
50 246
50 259
50 276
50 291
50 304
50 305
50 311
50 317
50 320
50 331
50 337
50 338
50 345
50 354
50 355
50 356
50 395
51 55
51 62
51 64
51 70
51 77
51 79
51 85
51 88
51 89
51 92
51 94
51 99
51 133
51 143
51 150
51 154
51 162
51 166
51 177
51 179
51 185
51 209
51 220
51 229
51 234
51 250
51 292
51 304
51 310
51 314
51 320
51 328
51 345
51 362
51 379
51 386
51 388
51 395
52 53
52 54
52 57
52 61
52 62
52 63
52 72
52 77
52 81
52 85
52 88
52 91
52 101
52 107
52 119
52 120
52 123
52 127
52 132
52 154
52 185
52 195
52 198
52 223
52 265
52 270
52 271
52 276
52 278
52 281
52 284
52 302
52 304
52 307
52 317
52 325
52 351
52 366
52 372
52 384
52 390
52 391
52 395
53 56
53 59
53 60
53 67
53 71
53 73
53 76
53 79
53 81
53 83
53 87
53 104
53 106
53 110
53 143
53 150
53 151
53 152
53 154
53 166
53 167
53 170
53 187
53 194
53 196
53 198
53 202
53 212
53 213
53 233
53 256
53 266
53 277
53 299
53 312
53 316
53 349
53 360
53 362
53 375
53 378
53 382
53 390
53 394
54 55
54 61
54 62
54 63
54 64
54 73
54 81
54 82
54 83
54 90
54 97
54 98
54 113
54 115
54 141
54 177
54 182
54 194
54 196
54 211
54 214
54 217
54 229
54 239
54 242
54 244
54 255
54 271
54 278
54 296
54 307
54 317
54 328
54 330
54 332
54 334
54 337
54 380
54 390
55 58
55 61
55 63
55 66
55 68
55 70
55 75
55 79
55 80
55 81
55 83
55 84
55 91
55 92
55 97
55 102
55 124
55 127
55 131
55 151
55 157
55 179
55 182
55 202
55 213
55 225
55 229
55 231
55 239
55 246
55 250
55 254
55 259
55 261
55 268
55 269
55 293
55 338
55 342
55 361
55 370
55 373
55 377
55 379
55 389
55 392
56 60
56 62
56 63
56 64
56 66
56 68
56 71
56 72
56 73
56 76
56 78
56 82
56 85
56 88
56 89
56 91
56 93
56 95
56 97
56 103
56 106
56 113
56 114
56 121
56 147
56 149
56 165
56 177
56 194
56 222
56 227
56 228
56 230
56 232
56 241
56 247
56 259
56 287
56 318
56 341
56 347
56 360
56 361
56 362
56 397
57 59
57 63
57 64
57 65
57 70
57 73
57 77
57 78
57 81
57 88
57 90
57 91
57 95
57 98
57 99
57 131
57 137
57 148
57 170
57 185
57 194
57 202
57 206
57 209
57 217
57 220
57 222
57 223
57 232
57 245
57 248
57 268
57 289
57 310
57 314
57 327
57 333
57 347
57 379
57 390
58 65
58 67
58 70
58 80
58 81
58 82
58 84
58 85
58 88
58 90
58 91
58 93
58 98
58 106
58 108
58 113
58 121
58 145
58 147
58 150
58 175
58 191
58 195
58 199
58 202
58 204
58 212
58 223
58 228
58 237
58 239
58 269
58 273
58 274
58 279
58 294
58 301
58 304
58 313
58 314
58 315
58 316
58 343
58 349
58 354
58 364
58 379
58 387
58 390
59 77
59 79
59 87
59 88
59 90
59 93
59 94
59 95
59 117
59 141
59 162
59 167
59 182
59 183
59 196
59 198
59 216
59 225
59 227
59 240
59 269
59 283
59 293
59 300
59 302
59 309
59 311
59 317
59 325
59 341
59 385
60 66
60 69
60 70
60 73
60 75
60 82
60 84
60 86
60 87
60 88
60 102
60 103
60 107
60 116
60 121
60 137
60 146
60 159
60 167
60 180
60 182
60 185
60 189
60 199
60 200
60 206
60 207
60 218
60 229
60 231
60 232
60 242
60 243
60 244
60 270
60 272
60 286
60 287
60 289
60 298
60 307
60 312
60 320
60 325
60 331
60 340
60 341
60 356
60 363
60 371
60 375
60 377
60 379
60 389
61 63
61 65
61 67
61 73
61 74
61 79
61 83
61 86
61 87
61 88
61 99
61 119
61 122
61 146
61 152
61 158
61 163
61 166
61 176
61 186
61 190
61 192
61 203
61 216
61 222
61 227
61 231
61 244
61 248
61 249
61 255
61 266
61 282
61 294
61 305
61 330
61 332
61 345
61 362
61 375
61 380
61 392
62 67
62 69
62 71
62 72
62 74
62 75
62 76
62 80
62 86
62 87
62 92
62 99
62 104
62 117
62 122
62 131
62 141
62 143
62 146
62 158
62 162
62 166
62 183
62 187
62 195
62 235
62 246
62 250
62 283
62 293
62 296
62 320
62 325
62 328
62 333
62 348
62 349
62 350
62 375
62 376
62 379
62 383
62 391
62 392
62 395
63 64
63 66
63 72
63 74
63 77
63 82
63 90
63 92
63 96
63 100
63 103
63 109
63 122
63 129
63 134
63 137
63 144
63 152
63 170
63 180
63 181
63 199
63 217
63 234
63 237
63 255
63 269
63 286
63 310
63 312
63 313
63 322
63 327
63 338
63 371
63 378
63 382
64 67
64 69
64 71
64 72
64 74
64 76
64 80
64 82
64 83
64 87
64 90
64 91
64 98
64 102
64 107
64 182
64 207
64 231
64 264
64 268
64 275
64 288
64 290
64 291
64 299
64 306
64 313
64 329
64 341
64 347
64 357
64 365
64 371
64 372
64 386
64 390
65 66
65 67
65 69
65 73
65 76
65 78
65 80
65 82
65 86
65 87
65 88
65 89
65 93
65 94
65 95
65 108
65 119
65 146
65 178
65 185
65 193
65 207
65 213
65 225
65 261
65 263
65 273
65 282
65 286
65 331
65 332
65 340
65 346
65 350
65 379
65 386
66 67
66 72
66 73
66 83
66 87
66 89
66 90
66 91
66 95
66 98
66 139
66 145
66 154
66 162
66 164
66 173
66 180
66 181
66 183
66 200
66 203
66 211
66 223
66 241
66 252
66 263
66 266
66 284
66 298
66 319
66 333
66 351
66 357
66 376
66 378
66 389
67 74
67 78
67 84
67 86
67 87
67 95
67 96
67 105
67 111
67 117
67 120
67 121
67 137
67 141
67 167
67 177
67 184
67 185
67 196
67 200
67 219
67 220
67 221
67 225
67 236
67 246
67 247
67 252
67 253
67 255
67 273
67 282
67 291
67 296
67 334
67 349
67 384
67 397
68 69
68 75
68 79
68 82
68 86
68 89
68 90
68 95
68 96
68 103
68 106
68 117
68 132
68 139
68 153
68 155
68 164
68 179
68 184
68 200
68 207
68 235
68 239
68 246
68 263
68 270
68 296
68 310
68 326
68 332
68 343
68 361
68 367
68 374
68 378
68 387
69 72
69 75
69 76
69 78
69 81
69 84
69 87
69 103
69 121
69 127
69 158
69 164
69 171
69 181
69 185
69 190
69 192
69 208
69 212
69 215
69 216
69 229
69 230
69 235
69 248
69 261
69 272
69 283
69 284
69 288
69 304
69 309
69 312
69 337
69 349
69 357
69 365
69 379
69 384
69 385
69 389
69 395
70 71
70 74
70 77
70 78
70 79
70 80
70 81
70 98
70 99
70 103
70 121
70 135
70 147
70 183
70 185
70 189
70 207
70 211
70 247
70 260
70 264
70 266
70 267
70 276
70 284
70 286
70 300
70 312
70 319
70 322
70 323
70 330
70 332
70 345
70 374
70 397
71 72
71 74
71 75
71 76
71 81
71 88
71 93
71 95
71 97
71 106
71 122
71 155
71 166
71 168
71 179
71 188
71 202
71 238
71 240
71 248
71 259
71 288
71 297
71 302
71 305
71 313
71 321
71 331
71 339
71 369
71 371
71 389
71 395
71 397
72 75
72 76
72 77
72 81
72 85
72 88
72 91
72 92
72 95
72 98
72 107
72 115
72 129
72 135
72 138
72 145
72 161
72 172
72 173
72 174
72 183
72 196
72 200
72 201
72 203
72 230
72 241
72 259
72 262
72 265
72 274
72 292
72 312
72 344
72 349
72 357
72 384
72 385
72 398
73 75
73 77
73 78
73 79
73 83
73 84
73 85
73 86
73 89
73 92
73 93
73 94
73 99
73 110
73 128
73 131
73 137
73 148
73 166
73 175
73 176
73 181
73 222
73 239
73 243
73 244
73 258
73 260
73 266
73 268
73 269
73 270
73 275
73 276
73 282
73 289
73 306
73 308
73 310
73 329
73 334
73 343
73 351
73 362
73 366
73 367
73 387
73 390
73 393
74 75
74 76
74 78
74 80
74 83
74 85
74 87
74 89
74 94
74 96
74 97
74 98
74 99
74 103
74 118
74 122
74 135
74 136
74 139
74 140
74 150
74 151
74 165
74 174
74 180
74 184
74 186
74 201
74 202
74 220
74 226
74 237
74 239
74 241
74 260
74 263
74 290
74 333
74 358
74 361
74 364
74 371
74 377
75 80
75 84
75 87
75 89
75 92
75 97
75 99
75 111
75 117
75 123
75 130
75 132
75 136
75 169
75 176
75 179
75 182
75 185
75 198
75 203
75 213
75 217
75 225
75 231
75 247
75 253
75 256
75 264
75 267
75 275
75 300
75 316
75 360
75 361
75 373
75 374
75 387
75 389
75 392
75 394
75 395
75 396
75 399
76 78
76 81
76 88
76 93
76 109
76 117
76 123
76 124
76 153
76 155
76 171
76 177
76 201
76 204
76 211
76 230
76 239
76 248
76 270
76 274
76 282
76 292
76 312
76 334
76 341
76 348
76 379
76 383
76 385
77 79
77 80
77 81
77 92
77 109
77 111
77 117
77 119
77 127
77 135
77 144
77 152
77 160
77 164
77 170
77 188
77 199
77 207
77 209
77 217
77 227
77 264
77 268
77 285
77 305
77 312
77 316
77 317
77 318
77 357
77 364
77 366
77 370
77 372
77 377
77 378
78 80
78 86
78 90
78 92
78 94
78 96
78 108
78 116
78 119
78 150
78 154
78 162
78 165
78 173
78 179
78 199
78 208
78 216
78 217
78 233
78 235
78 246
78 248
78 269
78 274
78 278
78 284
78 300
78 321
78 326
78 372
78 378
78 394
79 86
79 87
79 98
79 103
79 111
79 139
79 142
79 146
79 149
79 169
79 170
79 173
79 179
79 194
79 207
79 208
79 210
79 217
79 231
79 232
79 242
79 244
79 246
79 248
79 270
79 275
79 276
79 279
79 287
79 298
79 314
79 324
79 330
79 339
79 367
79 379
79 395
80 84
80 86
80 89
80 91
80 92
80 95
80 100
80 112
80 119
80 123
80 129
80 146
80 156
80 158
80 178
80 179
80 192
80 198
80 224
80 227
80 229
80 255
80 281
80 307
80 318
80 321
80 322
80 329
80 337
80 347
80 353
80 362
80 369
80 376
80 379
80 386
80 396
81 86
81 98
81 103
81 110
81 126
81 137
81 154
81 167
81 184
81 187
81 190
81 192
81 197
81 217
81 234
81 238
81 243
81 249
81 257
81 269
81 274
81 276
81 279
81 289
81 291
81 301
81 334
81 339
81 383
82 84
82 89
82 90
82 92
82 98
82 99
82 107
82 134
82 146
82 154
82 167
82 180
82 186
82 188
82 193
82 200
82 203
82 207
82 219
82 224
82 236
82 237
82 241
82 275
82 288
82 294
82 308
82 313
82 331
82 334
82 337
82 339
82 354
82 355
82 379
82 388
83 87
83 89
83 93
83 97
83 105
83 111
83 118
83 126
83 140
83 160
83 165
83 189
83 190
83 199
83 209
83 221
83 226
83 242
83 247
83 250
83 293
83 322
83 323
83 334
83 342
83 344
83 360
83 371
83 374
84 88
84 91
84 92
84 95
84 97
84 100
84 110
84 115
84 130
84 135
84 141
84 148
84 152
84 160
84 200
84 217
84 219
84 223
84 224
84 233
84 254
84 272
84 290
84 300
84 303
84 317
84 321
84 341
84 345
84 350
84 357
84 381
84 382
84 393
85 87
85 94
85 95
85 97
85 98
85 113
85 124
85 174
85 181
85 185
85 203
85 208
85 227
85 234
85 237
85 245
85 264
85 271
85 292
85 295
85 308
85 320
85 338
85 347
85 360
85 375
85 378
85 385
85 396
85 398
86 87
86 92
86 97
86 98
86 100
86 102
86 104
86 108
86 127
86 132
86 144
86 161
86 166
86 168
86 170
86 173
86 193
86 194
86 206
86 207
86 211
86 217
86 223
86 226
86 228
86 267
86 269
86 274
86 281
86 302
86 307
86 317
86 330
86 331
86 332
86 352
86 372
86 380
86 383
86 385
86 399
87 90
87 97
87 99
87 102
87 104
87 110
87 111
87 121
87 135
87 136
87 155
87 156
87 157
87 169
87 178
87 191
87 202
87 207
87 223
87 225
87 233
87 238
87 252
87 274
87 275
87 292
87 312
87 313
87 339
87 346
87 351
87 352
87 354
87 355
87 356
87 358
87 359
87 363
87 365
87 379
88 95
88 117
88 136
88 161
88 165
88 196
88 218
88 223
88 239
88 244
88 299
88 321
88 337
88 341
88 346
88 348
88 349
88 352
88 359
88 362
88 367
88 368
88 370
88 375
88 396
88 399
89 91
89 92
89 94
89 96
89 98
89 107
89 115
89 131
89 133
89 150
89 157
89 169
89 177
89 194
89 197
89 199
89 201
89 213
89 237
89 245
89 260
89 301
89 321
89 323
89 336
89 339
89 362
89 369
89 380
89 393
90 100
90 111
90 115
90 139
90 148
90 155
90 164
90 168
90 220
90 227
90 239
90 241
90 254
90 260
90 278
90 287
90 302
90 306
90 325
90 327
90 352
90 377
90 395
90 399
91 92
91 96
91 103
91 105
91 109
91 118
91 141
91 176
91 191
91 197
91 202
91 210
91 226
91 237
91 264
91 267
91 273
91 276
91 282
91 297
91 303
91 334
91 341
91 385
91 386
91 389
92 99
92 105
92 115
92 121
92 146
92 156
92 158
92 166
92 171
92 177
92 183
92 214
92 254
92 264
92 278
92 287
92 288
92 293
92 302
92 306
92 319
92 355
92 388
92 389
93 98
93 111
93 115
93 123
93 138
93 148
93 155
93 188
93 194
93 195
93 216
93 221
93 257
93 258
93 265
93 267
93 279
93 283
93 313
93 328
93 329
93 330
93 344
93 352
93 358
93 395
93 399
94 105
94 114
94 118
94 120
94 121
94 131
94 141
94 143
94 157
94 165
94 184
94 193
94 196
94 212
94 220
94 226
94 243
94 261
94 269
94 284
94 295
94 303
94 306
94 316
94 317
94 391
95 117
95 118
95 152
95 159
95 163
95 189
95 193
95 196
95 198
95 210
95 211
95 239
95 241
95 246
95 247
95 252
95 254
95 275
95 296
95 303
95 304
95 311
95 321
95 336
95 342
95 371
95 381
95 388
96 97
96 110
96 133
96 136
96 144
96 155
96 169
96 174
96 202
96 213
96 214
96 221
96 222
96 234
96 237
96 258
96 269
96 275
96 284
96 287
96 302
96 303
96 306
96 309
96 330
96 342
96 343
96 377
96 383
96 392
96 396
97 98
97 104
97 108
97 110
97 114
97 138
97 140
97 141
97 169
97 172
97 176
97 185
97 186
97 207
97 229
97 239
97 260
97 270
97 276
97 279
97 285
97 288
97 289
97 291
97 300
97 304
97 308
97 319
97 322
97 327
97 333
97 341
97 359
97 367
97 372
97 374
97 382
97 386
98 105
98 109
98 110
98 160
98 162
98 167
98 182
98 197
98 206
98 209
98 212
98 216
98 218
98 224
98 234
98 253
98 257
98 270
98 290
98 310
98 311
98 315
98 332
98 343
98 376
98 385
98 392
99 103
99 108
99 119
99 120
99 127
99 128
99 133
99 142
99 152
99 165
99 176
99 186
99 193
99 195
99 196
99 223
99 233
99 237
99 239
99 253
99 261
99 266
99 274
99 290
99 333
99 339
99 355
99 357
99 397
100 101
100 109
100 113
100 114
100 117
100 123
100 129
100 131
100 134
100 137
100 140
100 141
100 143
100 144
100 147
100 149
100 152
100 155
100 158
100 161
100 163
100 166
100 169
100 170
100 181
100 184
100 194
100 195
100 196
100 199
100 205
100 215
100 217
100 225
100 230
100 253
100 261
100 267
100 285
100 300
100 331
100 344
101 102
101 108
101 110
101 111
101 112
101 121
101 122
101 127
101 131
101 132
101 142
101 144
101 150
101 155
101 156
101 160
101 164
101 166
101 170
101 177
101 182
101 183
101 184
101 196
101 198
101 216
101 227
101 231
101 238
101 240
101 263
101 269
101 284
101 286
101 309
101 319
101 333
101 334
101 347
101 356
101 375
101 384
101 393
102 107
102 110
102 115
102 117
102 124
102 126
102 130
102 131
102 134
102 141
102 142
102 143
102 144
102 145
102 147
102 148
102 149
102 151
102 152
102 156
102 158
102 167
102 174
102 175
102 176
102 178
102 179
102 180
102 182
102 189
102 190
102 194
102 204
102 211
102 218
102 221
102 224
102 226
102 256
102 270
102 273
102 274
102 296
102 297
102 301
102 311
102 331
102 335
102 340
102 345
102 362
102 373
102 377
102 379
102 391
103 104
103 107
103 113
103 114
103 115
103 121
103 126
103 127
103 130
103 132
103 135
103 136
103 139
103 140
103 145
103 146
103 150
103 151
103 154
103 156
103 159
103 161
103 175
103 176
103 177
103 183
103 185
103 195
103 197
103 199
103 233
103 243
103 248
103 263
103 294
103 335
103 337
103 344
103 353
103 357
103 365
103 376
103 387
104 105
104 106
104 107
104 108
104 110
104 112
104 118
104 122
104 126
104 132
104 139
104 141
104 142
104 144
104 145
104 147
104 153
104 164
104 165
104 166
104 167
104 174
104 177
104 178
104 179
104 182
104 183
104 186
104 187
104 190
104 193
104 194
104 195
104 196
104 206
104 226
104 231
104 242
104 251
104 267
104 269
104 276
104 288
104 294
104 295
104 312
104 332
104 352
104 358
104 368
104 378
105 106
105 107
105 111
105 113
105 124
105 125
105 126
105 127
105 135
105 136
105 137
105 138
105 152
105 159
105 164
105 165
105 169
105 177
105 178
105 183
105 184
105 193
105 199
105 203
105 222
105 232
105 240
105 241
105 247
105 273
105 278
105 287
105 295
105 300
105 305
105 307
105 343
105 344
105 367
105 383
106 110
106 112
106 113
106 114
106 118
106 121
106 122
106 123
106 131
106 133
106 136
106 141
106 143
106 144
106 145
106 149
106 150
106 151
106 158
106 161
106 162
106 163
106 167
106 170
106 173
106 174
106 175
106 177
106 178
106 180
106 188
106 192
106 193
106 202
106 214
106 223
106 229
106 236
106 237
106 238
106 243
106 253
106 270
106 292
106 299
106 310
106 339
106 356
106 393
107 108
107 109
107 114
107 120
107 123
107 124
107 128
107 131
107 132
107 137
107 141
107 143
107 146
107 148
107 149
107 152
107 153
107 154
107 155
107 157
107 158
107 159
107 160
107 162
107 163
107 165
107 169
107 182
107 185
107 186
107 193
107 203
107 208
107 213
107 223
107 227
107 232
107 266
107 273
107 274
107 278
107 282
107 318
107 324
107 329
107 339
107 342
107 347
107 367
107 368
107 370
107 372
107 381
107 386
108 113
108 114
108 119
108 120
108 122
108 124
108 128
108 131
108 138
108 140
108 146
108 147
108 148
108 152
108 157
108 166
108 168
108 182
108 185
108 186
108 191
108 193
108 195
108 196
108 198
108 204
108 211
108 221
108 224
108 228
108 237
108 241
108 243
108 249
108 281
108 283
108 294
108 328
108 330
108 336
108 355
108 360
108 365
108 373
108 377
108 386
109 111
109 114
109 117
109 123
109 125
109 126
109 131
109 132
109 142
109 143
109 152
109 172
109 173
109 179
109 180
109 185
109 188
109 193
109 194
109 195
109 214
109 237
109 260
109 262
109 284
109 296
109 299
109 306
109 308
109 316
109 319
109 322
109 348
109 360
109 373
109 378
109 382
109 387
109 395
109 397
110 116
110 117
110 119
110 120
110 122
110 127
110 128
110 137
110 138
110 139
110 141
110 155
110 156
110 157
110 164
110 165
110 167
110 169
110 172
110 176
110 179
110 182
110 188
110 189
110 193
110 197
110 199
110 203
110 209
110 211
110 216
110 218
110 234
110 238
110 263
110 275
110 286
110 291
110 293
110 294
110 295
110 308
110 339
110 341
110 345
110 349
110 353
110 354
110 364
110 367
110 376
110 379
110 392
110 395
111 113
111 115
111 116
111 124
111 131
111 135
111 136
111 139
111 143
111 146
111 151
111 154
111 156
111 163
111 164
111 166
111 167
111 169
111 177
111 178
111 180
111 181
111 186
111 194
111 195
111 199
111 216
111 281
111 284
111 288
111 290
111 305
111 309
111 318
111 347
111 352
111 354
111 358
111 368
111 382
112 128
112 131
112 134
112 143
112 146
112 147
112 148
112 149
112 150
112 152
112 154
112 156
112 161
112 162
112 165
112 168
112 172
112 173
112 176
112 192
112 194
112 197
112 204
112 216
112 217
112 218
112 225
112 244
112 247
112 248
112 254
112 280
112 293
112 294
112 295
112 301
112 319
112 323
112 330
112 356
112 367
113 114
113 120
113 126
113 128
113 131
113 134
113 136
113 138
113 143
113 144
113 146
113 148
113 151
113 152
113 153
113 155
113 156
113 162
113 171
113 172
113 173
113 176
113 178
113 179
113 185
113 186
113 187
113 188
113 192
113 193
113 195
113 197
113 198
113 250
113 292
113 320
113 324
113 334
113 341
113 348
113 366
113 374
113 379
113 383
113 386
113 391
114 117
114 126
114 129
114 130
114 134
114 138
114 140
114 142
114 143
114 144
114 156
114 159
114 167
114 168
114 174
114 177
114 178
114 179
114 181
114 182
114 184
114 187
114 194
114 195
114 197
114 211
114 213
114 214
114 222
114 229
114 243
114 261
114 265
114 269
114 270
114 271
114 277
114 283
114 291
114 304
114 322
114 325
114 344
114 345
114 362
114 369
114 371
114 397
115 117
115 123
115 129
115 130
115 131
115 132
115 137
115 138
115 145
115 146
115 150
115 151
115 152
115 157
115 160
115 162
115 163
115 165
115 168
115 169
115 171
115 173
115 175
115 180
115 188
115 189
115 190
115 191
115 195
115 198
115 199
115 200
115 208
115 218
115 235
115 248
115 250
115 252
115 256
115 263
115 294
115 296
115 304
115 314
115 342
115 360
115 364
115 375
115 394
115 395
116 118
116 122
116 124
116 128
116 131
116 132
116 141
116 146
116 150
116 158
116 159
116 161
116 162
116 164
116 166
116 171
116 172
116 182
116 187
116 189
116 198
116 199
116 218
116 235
116 253
116 260
116 265
116 280
116 282
116 287
116 314
116 323
116 327
116 342
116 369
116 378
116 380
116 386
117 118
117 119
117 124
117 125
117 126
117 128
117 129
117 130
117 131
117 137
117 138
117 140
117 145
117 147
117 158
117 159
117 164
117 165
117 171
117 172
117 184
117 185
117 189
117 191
117 218
117 219
117 220
117 222
117 229
117 234
117 252
117 256
117 259
117 279
117 283
117 284
117 296
117 299
117 301
117 316
117 329
117 345
117 364
117 366
117 384
117 388
117 399
118 119
118 121
118 125
118 129
118 130
118 131
118 134
118 135
118 136
118 138
118 145
118 149
118 153
118 155
118 157
118 158
118 160
118 161
118 164
118 175
118 177
118 181
118 185
118 186
118 187
118 194
118 196
118 197
118 207
118 208
118 223
118 238
118 239
118 251
118 266
118 280
118 284
118 291
118 295
118 302
118 329
118 341
118 345
118 352
118 371
118 377
118 388
118 389
118 390
118 395
119 122
119 129
119 131
119 133
119 136
119 138
119 139
119 142
119 146
119 147
119 150
119 153
119 155
119 158
119 159
119 161
119 162
119 166
119 168
119 170
119 171
119 174
119 175
119 186
119 190
119 192
119 199
119 207
119 208
119 209
119 216
119 230
119 231
119 233
119 249
119 251
119 291
119 313
119 314
119 328
119 335
119 338
119 373
119 377
119 381
119 382
119 387
119 395
120 124
120 126
120 129
120 135
120 144
120 149
120 150
120 157
120 160
120 166
120 168
120 169
120 175
120 190
120 191
120 192
120 194
120 195
120 196
120 210
120 218
120 258
120 266
120 267
120 275
120 280
120 290
120 307
120 308
120 330
120 345
120 354
120 388
120 399
121 123
121 124
121 132
121 139
121 142
121 144
121 149
121 150
121 151
121 152
121 153
121 154
121 160
121 171
121 175
121 183
121 187
121 190
121 192
121 193
121 194
121 195
121 196
121 227
121 234
121 253
121 263
121 264
121 280
121 281
121 282
121 283
121 288
121 292
121 295
121 296
121 311
121 324
121 339
121 357
121 362
121 399
122 123
122 128
122 130
122 131
122 134
122 135
122 137
122 138
122 140
122 142
122 144
122 145
122 148
122 154
122 157
122 162
122 166
122 170
122 174
122 183
122 187
122 189
122 190
122 192
122 196
122 197
122 216
122 226
122 243
122 244
122 251
122 278
122 292
122 294
122 301
122 312
122 315
122 322
122 332
122 336
122 365
122 378
122 391
123 128
123 133
123 136
123 138
123 147
123 154
123 155
123 157
123 158
123 159
123 161
123 165
123 168
123 170
123 172
123 176
123 179
123 181
123 184
123 189
123 196
123 197
123 212
123 215
123 231
123 242
123 244
123 245
123 247
123 258
123 273
123 274
123 277
123 286
123 302
123 340
123 354
123 357
123 361
123 375
123 383
123 399
124 131
124 136
124 143
124 146
124 148
124 161
124 163
124 166
124 170
124 179
124 181
124 183
124 184
124 189
124 191
124 195
124 196
124 197
124 228
124 230
124 232
124 239
124 253
124 259
124 264
124 275
124 277
124 284
124 290
124 291
124 293
124 309
124 312
124 313
124 314
124 315
124 316
124 336
124 379
124 394
124 397
124 398
125 127
125 130
125 133
125 134
125 136
125 146
125 150
125 152
125 153
125 154
125 162
125 165
125 169
125 170
125 172
125 175
125 176
125 181
125 183
125 184
125 185
125 188
125 189
125 191
125 192
125 194
125 195
125 199
125 208
125 216
125 235
125 250
125 256
125 257
125 265
125 274
125 306
125 315
125 326
125 333
125 345
125 357
125 382
125 397
125 399
126 127
126 128
126 129
126 134
126 135
126 137
126 138
126 139
126 141
126 142
126 143
126 144
126 146
126 149
126 153
126 154
126 173
126 174
126 175
126 178
126 180
126 181
126 185
126 186
126 188
126 189
126 190
126 192
126 195
126 197
126 199
126 221
126 241
126 243
126 253
126 284
126 286
126 288
126 296
126 297
126 298
126 304
126 312
126 318
126 329
126 336
126 363
126 365
126 368
126 379
126 386
126 392
127 131
127 132
127 143
127 144
127 148
127 152
127 153
127 156
127 157
127 160
127 161
127 164
127 168
127 171
127 172
127 174
127 182
127 184
127 187
127 191
127 192
127 194
127 195
127 197
127 199
127 205
127 211
127 223
127 228
127 247
127 275
127 278
127 287
127 288
127 310
127 313
127 319
127 320
127 328
127 330
127 339
127 354
127 379
127 391
127 397
128 131
128 136
128 138
128 142
128 143
128 144
128 145
128 146
128 149
128 158
128 168
128 171
128 173
128 178
128 179
128 182
128 185
128 186
128 193
128 199
128 208
128 209
128 210
128 242
128 254
128 273
128 300
128 311
128 318
128 322
128 339
128 348
128 349
128 350
129 137
129 154
129 162
129 164
129 170
129 172
129 177
129 180
129 181
129 186
129 188
129 193
129 195
129 215
129 229
129 231
129 234
129 240
129 255
129 261
129 264
129 266
129 269
129 283
129 293
129 314
129 328
129 339
129 358
129 360
129 375
129 379
129 382
129 397
130 131
130 133
130 137
130 138
130 141
130 144
130 149
130 150
130 151
130 152
130 153
130 155
130 157
130 159
130 161
130 162
130 165
130 167
130 169
130 180
130 188
130 191
130 193
130 194
130 195
130 197
130 199
130 234
130 236
130 238
130 245
130 248
130 262
130 268
130 277
130 278
130 284
130 298
130 316
130 319
130 328
130 338
130 345
130 351
130 353
130 357
130 371
130 381
130 383
131 134
131 135
131 136
131 137
131 139
131 142
131 145
131 157
131 158
131 163
131 164
131 165
131 167
131 168
131 169
131 171
131 173
131 176
131 190
131 193
131 195
131 204
131 224
131 235
131 242
131 244
131 253
131 257
131 274
131 279
131 295
131 304
131 309
131 315
131 328
131 345
131 351
131 352
131 364
131 365
131 372
131 377
131 378
131 384
131 397
132 137
132 143
132 144
132 146
132 148
132 151
132 156
132 162
132 166
132 167
132 168
132 170
132 171
132 172
132 174
132 176
132 178
132 183
132 184
132 186
132 187
132 192
132 195
132 202
132 203
132 207
132 209
132 215
132 218
132 234
132 237
132 241
132 254
132 256
132 259
132 264
132 275
132 286
132 287
132 304
132 306
132 309
132 310
132 352
132 353
132 354
132 368
132 372
132 386
132 393
132 399
133 139
133 142
133 145
133 147
133 148
133 151
133 165
133 167
133 169
133 172
133 173
133 174
133 176
133 180
133 182
133 184
133 188
133 194
133 206
133 213
133 214
133 217
133 230
133 238
133 293
133 307
133 309
133 313
133 322
133 324
133 326
133 368
133 370
133 391
134 135
134 136
134 141
134 142
134 153
134 155
134 157
134 164
134 165
134 170
134 171
134 172
134 173
134 175
134 176
134 177
134 178
134 187
134 191
134 197
134 210
134 218
134 224
134 236
134 239
134 245
134 268
134 283
134 300
134 315
134 328
134 338
134 343
134 346
134 347
134 351
134 366
134 388
135 138
135 139
135 140
135 142
135 143
135 144
135 150
135 156
135 157
135 158
135 166
135 167
135 172
135 173
135 175
135 176
135 177
135 178
135 179
135 183
135 184
135 192
135 194
135 196
135 218
135 226
135 230
135 235
135 239
135 247
135 280
135 295
135 297
135 298
135 312
135 317
135 324
135 346
135 354
135 357
135 378
136 137
136 138
136 140
136 142
136 143
136 146
136 151
136 152
136 154
136 157
136 162
136 171
136 174
136 175
136 179
136 181
136 182
136 183
136 184
136 185
136 193
136 194
136 197
136 198
136 219
136 224
136 227
136 228
136 230
136 236
136 265
136 286
136 295
136 300
136 305
136 309
136 331
136 338
136 348
136 352
136 363
136 378
136 383
137 141
137 144
137 146
137 148
137 149
137 154
137 165
137 167
137 173
137 177
137 183
137 188
137 194
137 196
137 197
137 198
137 202
137 203
137 210
137 217
137 226
137 229
137 248
137 263
137 269
137 293
137 299
137 303
137 309
137 332
137 337
137 340
137 341
137 349
137 362
137 371
138 139
138 142
138 146
138 148
138 150
138 152
138 153
138 158
138 162
138 163
138 165
138 167
138 171
138 176
138 177
138 180
138 185
138 186
138 187
138 191
138 194
138 195
138 202
138 207
138 216
138 235
138 238
138 251
138 254
138 274
138 275
138 278
138 279
138 280
138 306
138 310
138 318
138 345
138 354
138 361
138 363
138 364
138 366
138 378
138 381
138 398
139 143
139 145
139 146
139 149
139 150
139 156
139 157
139 160
139 162
139 165
139 171
139 177
139 183
139 184
139 185
139 189
139 191
139 194
139 196
139 198
139 208
139 209
139 234
139 237
139 240
139 241
139 246
139 263
139 274
139 277
139 293
139 298
139 299
139 310
139 339
139 348
139 349
139 364
139 366
139 378
139 396
140 142
140 146
140 149
140 151
140 153
140 155
140 161
140 163
140 167
140 171
140 179
140 182
140 184
140 185
140 192
140 194
140 196
140 197
140 203
140 209
140 212
140 222
140 235
140 240
140 284
140 315
140 320
140 335
140 338
140 344
140 346
140 364
140 365
140 391
141 151
141 159
141 162
141 165
141 166
141 172
141 174
141 175
141 177
141 180
141 181
141 182
141 184
141 189
141 190
141 191
141 192
141 194
141 197
141 206
141 209
141 231
141 239
141 244
141 254
141 288
141 295
141 296
141 303
141 309
141 315
141 321
141 328
141 343
141 346
141 351
141 367
142 144
142 151
142 157
142 162
142 165
142 170
142 171
142 173
142 181
142 183
142 184
142 187
142 191
142 192
142 198
142 199
142 215
142 228
142 234
142 243
142 253
142 260
142 263
142 280
142 288
142 296
142 303
142 314
142 321
142 342
142 345
142 349
142 358
142 359
142 360
142 361
142 376
142 381
142 387
142 393
143 149
143 150
143 151
143 154
143 158
143 171
143 180
143 181
143 186
143 189
143 190
143 193
143 215
143 229
143 238
143 244
143 251
143 260
143 269
143 280
143 285
143 305
143 316
143 321
143 322
143 333
143 337
143 345
143 346
143 358
143 386
143 396
144 146
144 160
144 164
144 167
144 169
144 171
144 180
144 181
144 183
144 184
144 190
144 192
144 196
144 198
144 207
144 209
144 219
144 227
144 240
144 245
144 247
144 253
144 285
144 288
144 299
144 300
144 302
144 307
144 311
144 327
144 330
144 351
144 352
144 353
144 357
144 366
144 367
144 378
144 392
145 150
145 152
145 155
145 158
145 160
145 162
145 166
145 180
145 183
145 187
145 190
145 193
145 194
145 199
145 211
145 213
145 233
145 237
145 256
145 261
145 275
145 293
145 303
145 304
145 305
145 320
145 330
145 334
145 349
145 370
145 382
145 385
146 156
146 157
146 160
146 161
146 167
146 168
146 170
146 177
146 178
146 180
146 187
146 189
146 191
146 197
146 199
146 200
146 201
146 256
146 261
146 262
146 263
146 268
146 292
146 304
146 306
146 307
146 309
146 315
146 349
146 357
146 363
146 376
146 378
146 379
146 392
146 398
147 151
147 152
147 153
147 154
147 158
147 159
147 164
147 170
147 172
147 177
147 178
147 179
147 184
147 185
147 186
147 191
147 194
147 197
147 198
147 201
147 226
147 254
147 269
147 299
147 303
147 305
147 316
147 328
147 333
147 336
147 344
147 353
147 367
147 377
147 389
147 392
147 398
148 152
148 156
148 158
148 164
148 166
148 173
148 180
148 190
148 191
148 193
148 206
148 217
148 228
148 238
148 243
148 244
148 256
148 266
148 269
148 274
148 275
148 280
148 288
148 296
148 307
148 325
148 326
148 344
148 360
148 384
149 153
149 157
149 165
149 166
149 170
149 173
149 182
149 187
149 190
149 192
149 195
149 207
149 211
149 230
149 243
149 248
149 249
149 264
149 277
149 280
149 283
149 292
149 295
149 302
149 314
149 332
149 334
149 337
149 349
149 350
149 364
149 369
149 375
149 391
149 395
150 154
150 156
150 160
150 164
150 165
150 167
150 173
150 174
150 177
150 180
150 183
150 186
150 187
150 188
150 191
150 192
150 194
150 195
150 196
150 198
150 203
150 204
150 215
150 221
150 232
150 239
150 258
150 260
150 273
150 275
150 287
150 314
150 315
150 328
150 336
150 342
150 359
150 360
150 379
150 383
150 384
150 392
151 162
151 166
151 170
151 171
151 172
151 175
151 176
151 181
151 186
151 190
151 191
151 194
151 199
151 208
151 210
151 217
151 220
151 241
151 260
151 293
151 318
151 323
151 328
151 332
151 376
151 383
151 389
151 395
152 155
152 160
152 162
152 163
152 165
152 166
152 174
152 175
152 182
152 183
152 184
152 190
152 199
152 216
152 233
152 237
152 252
152 257
152 281
152 288
152 294
152 295
152 296
152 298
152 299
152 303
152 309
152 312
152 352
152 353
152 362
152 374
153 160
153 162
153 166
153 170
153 171
153 172
153 173
153 175
153 179
153 180
153 185
153 197
153 198
153 211
153 216
153 225
153 232
153 245
153 251
153 265
153 275
153 299
153 302
153 309
153 335
153 350
153 373
153 388
153 389
153 394
154 159
154 161
154 167
154 169
154 186
154 187
154 190
154 192
154 215
154 224
154 234
154 281
154 282
154 286
154 290
154 298
154 299
154 309
154 310
154 323
154 332
154 340
154 359
154 369
154 396
155 156
155 160
155 162
155 164
155 171
155 174
155 176
155 180
155 181
155 184
155 199
155 204
155 223
155 224
155 231
155 240
155 241
155 243
155 252
155 255
155 266
155 283
155 284
155 289
155 307
155 309
155 329
155 344
155 350
155 369
155 371
155 377
156 165
156 167
156 169
156 170
156 171
156 174
156 175
156 179
156 180
156 181
156 185
156 188
156 189
156 194
156 198
156 202
156 203
156 235
156 249
156 260
156 280
156 286
156 305
156 308
156 311
156 313
156 326
156 343
156 349
156 371
156 386
156 388
157 161
157 163
157 171
157 182
157 185
157 186
157 191
157 194
157 197
157 198
157 207
157 220
157 234
157 244
157 252
157 261
157 263
157 270
157 271
157 278
157 308
157 321
157 322
157 334
157 337
157 340
157 348
157 352
157 357
157 363
157 379
158 160
158 170
158 173
158 176
158 178
158 179
158 181
158 184
158 185
158 187
158 192
158 208
158 219
158 227
158 231
158 239
158 247
158 278
158 283
158 289
158 293
158 296
158 315
158 322
158 329
158 336
158 357
158 363
158 384
158 395
159 160
159 163
159 165
159 167
159 168
159 169
159 173
159 175
159 180
159 185
159 186
159 191
159 192
159 193
159 196
159 199
159 207
159 215
159 239
159 245
159 247
159 255
159 256
159 275
159 286
159 308
159 320
159 327
159 329
159 350
159 380
159 382
160 162
160 168
160 169
160 171
160 173
160 174
160 176
160 182
160 183
160 184
160 185
160 188
160 193
160 194
160 199
160 219
160 240
160 251
160 259
160 262
160 268
160 279
160 281
160 310
160 316
160 330
160 331
160 340
160 345
160 360
160 369
160 378
160 385
160 387
160 388
160 391
161 162
161 163
161 167
161 170
161 180
161 185
161 187
161 190
161 192
161 197
161 200
161 213
161 215
161 227
161 229
161 231
161 237
161 238
161 239
161 243
161 270
161 284
161 297
161 320
161 322
161 334
161 346
161 350
161 356
161 369
161 370
161 371
161 373
161 379
161 391
161 397
162 166
162 168
162 172
162 173
162 176
162 177
162 181
162 185
162 193
162 197
162 198
162 199
162 203
162 215
162 235
162 251
162 265
162 266
162 275
162 277
162 302
162 307
162 318
162 322
162 323
162 324
162 329
162 337
162 344
162 379
162 386
163 164
163 166
163 170
163 173
163 176
163 186
163 188
163 189
163 191
163 193
163 198
163 222
163 225
163 226
163 263
163 273
163 315
163 317
163 337
163 338
163 366
163 368
163 386
163 388
163 399
164 168
164 172
164 173
164 176
164 179
164 180
164 183
164 184
164 188
164 194
164 197
164 199
164 213
164 218
164 242
164 251
164 264
164 267
164 271
164 272
164 279
164 282
164 312
164 318
164 331
164 338
164 341
164 353
164 361
164 364
164 378
164 381
164 384
164 392
165 166
165 167
165 168
165 169
165 173
165 179
165 182
165 188
165 191
165 192
165 195
165 199
165 201
165 215
165 230
165 239
165 241
165 245
165 249
165 266
165 273
165 276
165 302
165 316
165 366
165 369
165 382
165 390
165 399
166 167
166 169
166 178
166 181
166 182
166 190
166 191
166 192
166 194
166 198
166 212
166 215
166 217
166 236
166 239
166 244
166 247
166 260
166 276
166 302
166 308
166 330
166 333
166 336
166 344
166 352
166 386
167 169
167 173
167 175
167 178
167 181
167 182
167 184
167 185
167 186
167 192
167 196
167 197
167 208
167 229
167 245
167 255
167 261
167 271
167 273
167 298
167 299
167 318
167 328
167 337
167 339
167 344
167 357
167 369
167 394
168 173
168 178
168 180
168 182
168 184
168 187
168 188
168 192
168 195
168 210
168 235
168 245
168 253
168 264
168 266
168 273
168 284
168 287
168 295
168 296
168 298
168 318
168 322
168 338
168 344
168 352
168 369
168 371
168 372
168 377
168 382
168 383
169 171
169 173
169 176
169 177
169 179
169 181
169 185
169 186
169 187
169 189
169 190
169 191
169 199
169 219
169 220
169 238
169 242
169 253
169 266
169 274
169 275
169 287
169 289
169 294
169 307
169 308
169 311
169 318
169 327
169 333
169 347
169 360
169 363
169 381
170 174
170 175
170 179
170 181
170 193
170 195
170 196
170 197
170 198
170 219
170 227
170 243
170 247
170 251
170 253
170 260
170 267
170 280
170 282
170 288
170 298
170 315
170 316
170 319
170 326
170 335
170 352
170 353
170 369
170 376
170 383
170 397
171 172
171 173
171 175
171 176
171 179
171 182
171 183
171 186
171 190
171 193
171 197
171 198
171 199
171 203
171 207
171 215
171 224
171 229
171 235
171 238
171 252
171 257
171 276
171 289
171 302
171 305
171 314
171 318
171 319
171 330
171 343
171 344
171 371
171 372
171 376
172 173
172 177
172 178
172 179
172 180
172 183
172 184
172 187
172 198
172 220
172 221
172 240
172 254
172 261
172 280
172 300
172 305
172 311
172 322
172 347
172 351
172 358
172 359
172 391
172 395
173 174
173 182
173 183
173 189
173 192
173 193
173 194
173 197
173 199
173 251
173 275
173 280
173 281
173 301
173 316
173 318
173 321
173 331
173 332
173 339
173 342
173 355
173 356
173 377
173 390
174 181
174 194
174 199
174 204
174 215
174 221
174 231
174 256
174 258
174 267
174 271
174 272
174 276
174 282
174 284
174 287
174 289
174 295
174 298
174 307
174 331
174 372
175 183
175 184
175 187
175 188
175 189
175 193
175 194
175 210
175 222
175 223
175 235
175 247
175 253
175 255
175 279
175 287
175 300
175 309
175 323
175 324
175 328
175 342
175 351
175 363
175 380
175 392
176 178
176 179
176 184
176 187
176 189
176 190
176 195
176 198
176 205
176 210
176 250
176 259
176 261
176 263
176 284
176 286
176 293
176 298
176 312
176 314
176 315
176 353
176 364
176 381
177 181
177 182
177 186
177 187
177 202
177 226
177 239
177 247
177 271
177 277
177 281
177 291
177 302
177 304
177 327
177 328
177 339
177 343
177 356
177 360
177 369
177 374
177 387
178 179
178 182
178 183
178 190
178 191
178 193
178 194
178 195
178 198
178 217
178 218
178 225
178 227
178 243
178 261
178 265
178 281
178 294
178 298
178 300
178 303
178 313
178 342
178 345
178 355
178 368
178 377
178 387
178 391
179 180
179 181
179 183
179 187
179 189
179 192
179 193
179 194
179 200
179 208
179 220
179 226
179 246
179 252
179 264
179 276
179 281
179 284
179 286
179 300
179 308
179 314
179 330
179 336
179 339
179 343
179 348
179 356
179 383
179 386
179 389
179 392
179 394
179 396
180 182
180 184
180 186
180 189
180 190
180 191
180 192
180 193
180 195
180 199
180 230
180 233
180 235
180 238
180 254
180 259
180 265
180 266
180 267
180 270
180 275
180 280
180 281
180 288
180 290
180 317
180 319
180 325
180 334
180 343
180 378
181 182
181 183
181 184
181 190
181 192
181 193
181 195
181 198
181 201
181 202
181 203
181 211
181 219
181 220
181 222
181 227
181 236
181 240
181 242
181 250
181 253
181 264
181 267
181 270
181 273
181 279
181 282
181 287
181 289
181 291
181 294
181 311
181 316
181 319
181 326
181 329
181 368
181 388
182 183
182 185
182 186
182 189
182 190
182 191
182 193
182 195
182 198
182 202
182 207
182 226
182 243
182 247
182 251
182 265
182 281
182 285
182 297
182 304
182 305
182 317
182 321
182 334
182 350
182 374
182 378
182 381
182 386
182 390
183 185
183 188
183 196
183 198
183 218
183 225
183 227
183 239
183 243
183 258
183 263
183 272
183 277
183 284
183 285
183 295
183 305
183 308
183 313
183 353
183 355
183 359
183 373
183 384
183 392
183 396
184 185
184 187
184 189
184 191
184 192
184 196
184 197
184 198
184 206
184 216
184 234
184 236
184 237
184 243
184 283
184 284
184 291
184 293
184 300
184 302
184 314
184 330
184 343
184 345
184 356
184 369
184 388
184 389
184 392
185 187
185 189
185 190
185 192
185 194
185 195
185 198
185 215
185 226
185 228
185 237
185 240
185 249
185 251
185 256
185 263
185 265
185 286
185 301
185 313
185 318
185 334
185 349
185 359
185 369
185 389
186 188
186 196
186 199
186 220
186 221
186 253
186 266
186 272
186 279
186 288
186 290
186 291
186 301
186 312
186 314
186 334
186 360
186 361
186 364
186 372
186 374
186 375
186 381
186 386
186 388
187 189
187 206
187 234
187 240
187 244
187 246
187 247
187 264
187 276
187 279
187 281
187 289
187 315
187 321
187 336
187 343
187 347
187 357
187 361
187 371
187 396
188 190
188 194
188 197
188 218
188 226
188 234
188 237
188 241
188 256
188 289
188 304
188 322
188 329
188 349
188 354
188 357
188 365
188 380
188 392
189 191
189 192
189 197
189 205
189 212
189 219
189 220
189 224
189 228
189 246
189 252
189 259
189 263
189 266
189 268
189 269
189 289
189 311
189 317
189 319
189 321
189 326
189 334
189 341
189 344
189 345
189 355
189 362
189 365
189 397
189 398
190 195
190 196
190 197
190 204
190 210
190 247
190 267
190 301
190 302
190 306
190 315
190 321
190 334
190 339
190 345
190 346
190 348
190 351
190 360
190 363
190 369
190 396
191 199
191 201
191 218
191 222
191 244
191 254
191 262
191 287
191 302
191 310
191 332
191 334
191 344
191 351
191 359
191 372
191 376
191 380
191 395
191 399
192 193
192 196
192 198
192 225
192 228
192 230
192 243
192 250
192 262
192 282
192 291
192 295
192 296
192 297
192 301
192 313
192 314
192 338
192 341
192 344
192 380
192 381
193 211
193 229
193 239
193 242
193 245
193 252
193 256
193 263
193 267
193 270
193 274
193 284
193 287
193 306
193 310
193 328
193 329
193 330
193 338
193 341
193 353
193 360
193 376
193 383
193 388
193 394
194 195
194 200
194 203
194 217
194 233
194 248
194 254
194 256
194 270
194 272
194 281
194 291
194 296
194 309
194 311
194 312
194 313
194 318
194 326
194 329
194 335
194 336
194 343
194 353
194 355
194 362
194 384
195 198
195 207
195 208
195 211
195 224
195 229
195 252
195 260
195 264
195 280
195 289
195 317
195 320
195 334
195 338
195 340
195 351
195 359
195 395
196 210
196 222
196 240
196 252
196 260
196 302
196 319
196 336
196 340
196 342
196 349
196 361
196 362
196 365
196 383
196 386
196 387
196 388
196 397
197 198
197 199
197 205
197 212
197 223
197 230
197 236
197 259
197 260
197 276
197 280
197 281
197 303
197 341
197 345
197 346
197 364
197 384
197 390
198 225
198 247
198 278
198 286
198 295
198 301
198 332
198 336
198 345
198 354
198 364
198 374
198 377
198 389
198 399
199 216
199 221
199 222
199 225
199 226
199 234
199 249
199 261
199 287
199 289
199 298
199 301
199 303
199 313
199 319
199 321
199 339
199 351
199 366
199 367
199 374
199 397
200 202
200 204
200 205
200 211
200 212
200 218
200 219
200 227
200 228
200 230
200 231
200 232
200 240
200 243
200 245
200 247
200 249
200 250
200 251
200 252
200 253
200 256
200 263
200 268
200 271
200 273
200 275
200 280
200 281
200 289
200 290
200 305
200 308
200 313
200 320
200 326
200 327
200 347
200 366
200 389
200 397
201 204
201 207
201 209
201 214
201 215
201 217
201 228
201 231
201 234
201 240
201 241
201 242
201 252
201 260
201 270
201 272
201 276
201 281
201 286
201 289
201 290
201 291
201 295
201 296
201 297
201 298
201 306
201 315
201 319
201 322
201 328
201 338
201 360
201 366
201 369
201 378
201 393
202 210
202 212
202 216
202 217
202 221
202 236
202 242
202 244
202 250
202 252
202 257
202 258
202 260
202 264
202 267
202 270
202 271
202 272
202 273
202 281
202 286
202 291
202 292
202 293
202 294
202 295
202 296
202 304
202 307
202 351
202 378
202 384
203 206
203 208
203 211
203 218
203 221
203 235
203 242
203 246
203 251
203 252
203 255
203 262
203 263
203 268
203 269
203 272
203 273
203 281
203 283
203 284
203 287
203 292
203 294
203 299
203 301
203 325
203 328
203 334
203 356
203 367
203 374
203 382
203 383
203 392
204 212
204 213
204 220
204 221
204 222
204 223
204 224
204 234
204 238
204 241
204 247
204 256
204 261
204 263
204 266
204 271
204 285
204 295
204 297
204 302
204 306
204 307
204 317
204 320
204 327
204 329
204 331
204 349
204 363
204 366
204 368
204 369
204 379
204 383
205 206
205 208
205 217
205 219
205 223
205 224
205 225
205 230
205 231
205 237
205 240
205 248
205 252
205 255
205 256
205 257
205 258
205 263
205 268
205 269
205 270
205 272
205 273
205 278
205 280
205 282
205 286
205 290
205 292
205 293
205 294
205 295
205 299
205 312
205 314
205 321
205 326
205 334
205 351
205 369
205 371
205 379
205 393
205 395
206 207
206 208
206 211
206 222
206 226
206 229
206 231
206 234
206 236
206 241
206 249
206 250
206 251
206 255
206 258
206 259
206 264
206 266
206 272
206 276
206 280
206 287
206 288
206 298
206 306
206 315
206 325
206 327
206 329
206 368
206 377
206 379
206 385
206 386
206 387
206 396
207 215
207 218
207 225
207 226
207 231
207 233
207 241
207 242
207 243
207 245
207 246
207 250
207 251
207 254
207 256
207 257
207 259
207 261
207 268
207 269
207 271
207 273
207 288
207 289
207 293
207 314
207 319
207 334
207 357
207 363
207 365
207 378
207 385
207 391
208 210
208 211
208 217
208 223
208 225
208 226
208 227
208 229
208 230
208 237
208 241
208 246
208 248
208 251
208 255
208 256
208 257
208 259
208 261
208 263
208 266
208 267
208 268
208 270
208 271
208 272
208 278
208 280
208 282
208 285
208 286
208 292
208 298
208 308
208 309
208 316
208 336
208 368
208 381
208 383
208 388
208 389
208 397
209 211
209 212
209 214
209 219
209 220
209 221
209 222
209 223
209 224
209 227
209 233
209 235
209 238
209 240
209 247
209 253
209 265
209 269
209 277
209 280
209 285
209 286
209 287
209 289
209 293
209 295
209 296
209 298
209 307
209 321
209 326
209 329
209 331
209 341
209 352
209 362
209 370
209 384
210 216
210 217
210 220
210 222
210 223
210 226
210 229
210 231
210 235
210 236
210 238
210 241
210 243
210 249
210 251
210 252
210 256
210 257
210 258
210 262
210 263
210 267
210 279
210 280
210 281
210 284
210 286
210 291
210 293
210 327
210 330
210 334
210 350
210 354
210 372
210 387
210 393
211 212
211 216
211 219
211 220
211 221
211 223
211 224
211 227
211 230
211 234
211 240
211 246
211 247
211 249
211 250
211 252
211 254
211 257
211 258
211 260
211 261
211 262
211 264
211 271
211 279
211 286
211 291
211 298
211 303
211 311
211 333
211 348
211 349
211 357
211 358
211 363
211 391
211 394
211 395
212 214
212 215
212 220
212 221
212 223
212 227
212 230
212 232
212 235
212 242
212 244
212 245
212 248
212 249
212 252
212 253
212 255
212 257
212 258
212 259
212 260
212 261
212 266
212 273
212 278
212 279
212 290
212 295
212 296
212 299
212 325
212 335
212 356
212 359
212 361
212 370
212 394
212 398
213 214
213 221
213 222
213 223
213 224
213 229
213 230
213 231
213 235
213 236
213 237
213 244
213 248
213 261
213 273
213 276
213 279
213 287
213 290
213 291
213 295
213 297
213 298
213 316
213 321
213 344
213 349
213 378
213 382
213 383
213 393
214 219
214 222
214 235
214 237
214 244
214 246
214 249
214 254
214 256
214 257
214 258
214 261
214 265
214 270
214 279
214 282
214 292
214 294
214 296
214 299
214 302
214 309
214 310
214 312
214 382
214 385
214 396
215 222
215 225
215 227
215 233
215 234
215 242
215 243
215 250
215 254
215 264
215 268
215 269
215 279
215 280
215 281
215 283
215 286
215 291
215 293
215 296
215 322
215 323
215 358
215 366
215 367
215 369
215 391
216 217
216 223
216 225
216 226
216 227
216 230
216 232
216 233
216 234
216 238
216 244
216 253
216 255
216 256
216 257
216 258
216 259
216 260
216 267
216 273
216 288
216 293
216 294
216 296
216 299
216 310
216 312
216 318
216 375
216 383
216 384
217 220
217 227
217 229
217 231
217 232
217 233
217 236
217 242
217 243
217 245
217 251
217 254
217 255
217 257
217 259
217 260
217 265
217 266
217 269
217 275
217 279
217 286
217 288
217 292
217 296
217 297
217 300
217 320
217 327
217 333
217 334
217 339
217 366
217 374
217 389
217 399
218 221
218 222
218 226
218 229
218 232
218 238
218 239
218 243
218 245
218 247
218 253
218 254
218 264
218 267
218 268
218 271
218 277
218 283
218 284
218 288
218 292
218 293
218 296
218 297
218 298
218 305
218 309
218 311
218 312
218 314
218 318
218 322
218 356
218 366
218 373
218 386
218 396
218 397
219 227
219 229
219 230
219 237
219 241
219 242
219 245
219 248
219 249
219 254
219 259
219 261
219 262
219 269
219 271
219 273
219 281
219 282
219 284
219 286
219 288
219 289
219 292
219 295
219 296
219 298
219 299
219 309
219 315
219 342
219 344
219 347
219 351
219 352
219 356
219 361
219 374
219 385
219 391
219 396
219 399
220 221
220 227
220 230
220 233
220 234
220 240
220 248
220 253
220 274
220 277
220 278
220 279
220 286
220 287
220 291
220 294
220 299
220 300
220 307
220 311
220 314
220 315
220 316
220 332
220 337
220 339
220 340
220 360
220 363
220 393
221 223
221 224
221 225
221 229
221 230
221 233
221 240
221 248
221 249
221 258
221 259
221 267
221 268
221 279
221 280
221 283
221 285
221 286
221 294
221 296
221 297
221 298
221 303
221 307
221 310
221 311
221 316
221 334
221 346
221 352
221 359
221 367
221 398
222 223
222 226
222 228
222 229
222 231
222 232
222 234
222 240
222 241
222 245
222 246
222 252
222 253
222 257
222 263
222 270
222 272
222 275
222 277
222 278
222 279
222 280
222 283
222 284
222 286
222 288
222 299
222 303
222 306
222 318
222 322
222 329
222 352
222 357
222 359
222 363
222 368
222 380
222 381
222 384
222 392
223 226
223 229
223 230
223 236
223 239
223 243
223 244
223 245
223 248
223 259
223 260
223 269
223 270
223 274
223 276
223 278
223 283
223 290
223 291
223 293
223 297
223 298
223 299
223 312
223 316
223 344
223 345
223 347
223 350
223 351
223 367
223 391
223 398
224 225
224 236
224 247
224 262
224 265
224 278
224 294
224 297
224 298
224 307
224 328
224 334
224 342
224 349
224 397
225 228
225 230
225 233
225 238
225 239
225 243
225 244
225 245
225 247
225 255
225 258
225 262
225 268
225 270
225 272
225 277
225 278
225 279
225 284
225 285
225 297
225 298
225 300
225 304
225 306
225 322
225 323
225 347
225 357
225 363
226 229
226 236
226 247
226 248
226 249
226 251
226 252
226 253
226 257
226 258
226 260
226 261
226 263
226 269
226 272
226 273
226 274
226 281
226 283
226 300
226 304
226 309
226 320
226 335
226 340
226 345
226 346
226 352
226 357
226 362
226 364
226 373
226 376
226 380
226 383
226 390
226 393
226 396
227 228
227 232
227 235
227 237
227 240
227 241
227 246
227 247
227 256
227 257
227 260
227 262
227 263
227 264
227 267
227 270
227 274
227 279
227 286
227 288
227 292
227 294
227 296
227 307
227 322
227 331
227 337
227 383
227 386
227 390
227 392
227 393
227 399
228 231
228 232
228 234
228 238
228 244
228 246
228 248
228 262
228 264
228 266
228 274
228 278
228 286
228 288
228 310
228 312
228 316
228 321
228 325
228 333
228 337
228 338
228 354
228 358
228 367
228 376
228 378
228 384
228 391
229 231
229 233
229 234
229 235
229 238
229 240
229 242
229 249
229 254
229 255
229 256
229 263
229 264
229 265
229 269
229 271
229 281
229 282
229 283
229 284
229 286
229 288
229 290
229 292
229 293
229 296
229 301
229 316
229 322
229 332
229 341
229 347
229 349
229 368
229 380
229 391
229 393
229 396
229 399
230 232
230 234
230 237
230 241
230 253
230 254
230 255
230 257
230 258
230 259
230 266
230 272
230 274
230 285
230 288
230 289
230 294
230 318
230 328
230 343
230 350
230 363
230 377
230 382
231 237
231 253
231 269
231 271
231 272
231 274
231 279
231 280
231 281
231 288
231 289
231 291
231 302
231 305
231 307
231 311
231 314
231 323
231 350
231 356
231 367
231 377
231 386
232 238
232 246
232 247
232 250
232 258
232 260
232 262
232 268
232 279
232 282
232 285
232 290
232 294
232 295
232 298
232 305
232 317
232 341
232 361
232 377
232 391
232 396
233 236
233 237
233 243
233 249
233 256
233 264
233 267
233 268
233 274
233 277
233 280
233 282
233 288
233 289
233 294
233 298
233 301
233 313
233 317
233 319
233 321
233 323
233 326
233 349
233 352
233 355
233 358
233 379
234 240
234 241
234 246
234 249
234 252
234 253
234 262
234 263
234 269
234 273
234 278
234 286
234 295
234 301
234 345
234 357
234 362
234 370
234 374
234 379
234 380
234 397
235 246
235 249
235 252
235 256
235 260
235 261
235 265
235 267
235 272
235 273
235 279
235 286
235 289
235 290
235 291
235 293
235 307
235 328
235 332
235 355
235 356
235 369
235 376
236 243
236 249
236 250
236 260
236 264
236 265
236 266
236 267
236 268
236 272
236 273
236 276
236 281
236 282
236 283
236 285
236 288
236 289
236 294
236 315
236 318
236 323
236 363
236 383
236 393
236 394
237 240
237 241
237 243
237 245
237 246
237 247
237 248
237 249
237 252
237 256
237 257
237 258
237 260
237 261
237 262
237 265
237 268
237 270
237 273
237 279
237 284
237 288
237 292
237 297
237 315
237 316
237 325
237 334
237 336
237 362
237 379
237 381
237 399
238 240
238 244
238 258
238 265
238 267
238 274
238 277
238 283
238 284
238 292
238 296
238 297
238 302
238 310
238 319
238 324
238 327
238 330
238 333
238 358
238 362
238 365
238 367
238 373
238 380
238 383
238 388
239 240
239 241
239 242
239 244
239 249
239 250
239 251
239 254
239 261
239 265
239 266
239 280
239 290
239 296
239 298
239 307
239 308
239 333
239 343
239 375
239 376
239 378
239 396
240 245
240 246
240 252
240 255
240 259
240 260
240 270
240 271
240 275
240 285
240 286
240 287
240 289
240 291
240 294
240 296
240 330
240 334
240 379
240 395
240 397
241 242
241 243
241 246
241 248
241 254
241 256
241 257
241 259
241 261
241 264
241 267
241 270
241 275
241 276
241 281
241 282
241 285
241 288
241 291
241 296
241 301
241 312
241 314
241 350
241 351
241 365
241 373
241 374
241 377
242 245
242 247
242 249
242 253
242 256
242 257
242 259
242 260
242 263
242 265
242 267
242 269
242 274
242 275
242 279
242 280
242 281
242 283
242 285
242 290
242 293
242 294
242 299
242 316
242 319
242 321
242 323
242 329
242 345
242 352
242 356
242 359
242 363
242 364
242 380
242 389
242 390
243 251
243 258
243 259
243 262
243 265
243 266
243 276
243 277
243 278
243 279
243 280
243 287
243 290
243 291
243 292
243 294
243 296
243 297
243 298
243 299
243 318
243 326
243 347
243 362
243 371
243 372
243 378
243 386
243 387
244 247
244 250
244 253
244 259
244 261
244 262
244 264
244 266
244 268
244 271
244 272
244 278
244 291
244 292
244 295
244 296
244 299
244 312
244 319
244 341
244 352
244 382
245 251
245 255
245 256
245 257
245 261
245 268
245 278
245 279
245 289
245 294
245 296
245 298
245 315
245 328
245 332
245 345
245 360
245 373
245 376
245 378
245 392
245 393
245 394
245 397
245 398
245 399
246 250
246 252
246 259
246 262
246 266
246 267
246 269
246 282
246 284
246 287
246 288
246 292
246 295
246 297
246 307
246 312
246 318
246 350
246 373
246 379
246 380
246 383
246 396
247 251
247 258
247 261
247 264
247 267
247 271
247 272
247 275
247 281
247 282
247 283
247 290
247 293
247 301
247 319
247 329
247 333
247 335
247 344
247 350
247 377
247 386
247 390
247 397
248 249
248 250
248 254
248 260
248 261
248 262
248 266
248 267
248 274
248 278
248 279
248 283
248 284
248 286
248 288
248 294
248 295
248 296
248 299
248 353
248 384
249 252
249 254
249 260
249 267
249 269
249 270
249 274
249 275
249 276
249 278
249 284
249 285
249 287
249 290
249 303
249 306
249 320
249 335
249 352
249 362
249 376
249 383
250 252
250 255
250 257
250 258
250 259
250 262
250 263
250 265
250 266
250 270
250 271
250 276
250 280
250 282
250 284
250 287
250 290
250 292
250 294
250 295
250 299
250 304
250 309
250 313
250 317
250 327
250 328
250 335
250 387
251 254
251 255
251 259
251 260
251 261
251 264
251 268
251 269
251 275
251 280
251 283
251 290
251 292
251 298
251 313
251 318
251 335
251 341
251 347
251 351
251 353
251 356
252 254
252 260
252 262
252 269
252 273
252 274
252 279
252 285
252 286
252 293
252 294
252 299
252 301
252 307
252 309
252 311
252 312
252 317
252 322
252 331
252 333
252 342
252 347
252 348
252 354
252 398
253 260
253 261
253 263
253 265
253 266
253 267
253 272
253 273
253 274
253 277
253 279
253 282
253 284
253 286
253 293
253 294
253 296
253 298
253 299
253 305
253 306
253 313
253 318
253 326
253 369
253 379
254 259
254 262
254 264
254 265
254 275
254 276
254 284
254 291
254 292
254 294
254 295
254 297
254 298
254 299
254 322
254 326
254 328
254 332
254 337
254 350
254 355
254 360
254 361
254 363
254 367
254 382
254 388
254 391
254 399
255 256
255 259
255 261
255 263
255 265
255 274
255 291
255 295
255 298
255 299
255 302
255 311
255 316
255 322
255 328
255 334
255 342
255 344
255 356
255 358
255 371
255 393
256 260
256 263
256 269
256 270
256 271
256 273
256 277
256 283
256 284
256 293
256 298
256 304
256 308
256 326
256 332
256 348
256 369
256 375
256 380
256 397
256 398
257 262
257 263
257 266
257 269
257 273
257 277
257 278
257 279
257 285
257 287
257 292
257 293
257 310
257 312
257 314
257 322
257 331
257 341
257 344
257 346
257 357
257 367
258 260
258 261
258 263
258 265
258 269
258 273
258 275
258 284
258 295
258 300
258 321
258 333
258 337
258 338
258 340
258 344
258 346
258 363
258 399
259 260
259 268
259 269
259 271
259 272
259 283
259 285
259 289
259 295
259 297
259 299
259 304
259 328
259 333
259 336
259 354
259 372
259 383
259 391
259 396
259 397
260 261
260 265
260 267
260 269
260 270
260 283
260 287
260 288
260 290
260 296
260 303
260 317
260 318
260 322
260 363
260 364
260 371
260 373
260 381
260 384
261 262
261 269
261 277
261 279
261 282
261 283
261 285
261 290
261 291
261 310
261 341
261 347
261 349
261 363
261 375
261 378
261 379
261 384
261 395
262 263
262 264
262 273
262 283
262 285
262 288
262 291
262 292
262 293
262 296
262 299
262 326
262 355
262 358
262 372
262 373
262 378
262 393
262 396
263 266
263 267
263 282
263 286
263 293
263 294
263 295
263 296
263 299
263 307
263 313
263 320
263 325
263 347
263 366
263 384
263 386
263 387
263 395
263 398
264 265
264 268
264 269
264 272
264 274
264 276
264 278
264 279
264 284
264 285
264 287
264 288
264 292
264 323
264 330
264 333
264 335
264 338
264 344
264 346
264 350
264 356
264 357
264 365
264 369
264 370
264 371
264 379
264 381
264 390
264 398
264 399
265 269
265 274
265 277
265 281
265 283
265 284
265 285
265 288
265 292
265 294
265 301
265 303
265 313
265 331
265 346
265 347
265 361
265 365
265 393
265 396
266 272
266 276
266 278
266 279
266 281
266 282
266 283
266 284
266 285
266 287
266 292
266 311
266 324
266 333
266 342
266 343
266 344
266 349
266 371
266 372
266 374
266 379
266 385
266 387
266 396
266 399
267 270
267 272
267 274
267 279
267 282
267 285
267 291
267 295
267 296
267 298
267 305
267 311
267 322
267 323
267 335
267 340
267 342
267 351
267 367
267 370
267 378
267 397
268 269
268 270
268 272
268 276
268 290
268 292
268 300
268 310
268 322
268 334
268 339
268 341
268 343
268 350
268 352
268 353
268 359
268 391
268 394
269 277
269 287
269 288
269 304
269 305
269 306
269 316
269 317
269 318
269 320
269 344
269 347
269 391
270 273
270 274
270 277
270 281
270 283
270 285
270 286
270 295
270 297
270 300
270 312
270 336
270 337
270 342
270 353
270 358
270 370
270 381
271 276
271 279
271 280
271 284
271 285
271 289
271 294
271 296
271 304
271 339
271 352
271 358
271 360
271 373
271 385
271 393
272 278
272 280
272 282
272 291
272 292
272 295
272 296
272 298
272 301
272 304
272 324
272 325
272 328
272 340
272 349
272 350
272 357
272 360
272 369
273 275
273 277
273 281
273 293
273 295
273 336
273 367
273 396
274 275
274 278
274 279
274 281
274 286
274 289
274 290
274 299
274 322
274 337
274 341
274 357
274 382
274 385
274 390
274 391
274 395
275 281
275 282
275 283
275 287
275 290
275 291
275 296
275 319
275 326
275 352
275 365
275 367
275 386
275 390
275 397
276 284
276 285
276 286
276 292
276 293
276 295
276 297
276 299
276 310
276 313
276 323
276 325
276 334
276 346
276 350
276 358
276 373
276 376
276 381
276 382
276 393
276 396
277 280
277 296
277 299
277 300
277 337
277 343
277 350
277 351
277 354
277 356
277 377
277 379
277 382
277 389
278 279
278 280
278 283
278 285
278 286
278 289
278 290
278 296
278 299
278 301
278 314
278 315
278 323
278 325
278 331
278 343
278 353
278 368
278 373
278 374
278 375
278 384
278 389
279 282
279 287
279 291
279 295
279 296
279 318
279 348
279 359
280 283
280 286
280 287
280 289
280 290
280 295
280 297
280 299
280 311
280 319
280 328
280 334
280 335
280 338
280 350
280 352
280 359
280 362
280 365
280 373
280 374
280 377
280 385
280 386
281 282
281 285
281 286
281 287
281 290
281 292
281 316
281 320
281 323
281 330
281 333
281 336
281 338
281 352
281 367
281 372
281 386
282 287
282 289
282 291
282 298
282 299
282 306
282 317
282 321
282 332
282 339
282 346
282 352
282 368
282 377
282 380
282 390
282 397
283 285
283 287
283 290
283 293
283 297
283 301
283 303
283 307
283 325
283 358
283 359
283 380
283 396
284 285
284 286
284 288
284 290
284 291
284 292
284 299
284 323
284 335
284 345
284 368
284 382
285 289
285 295
285 296
285 297
285 299
285 318
285 338
285 339
285 356
285 360
285 373
285 378
285 388
286 292
286 293
286 297
286 311
286 313
286 314
286 325
286 344
286 345
286 346
286 354
286 365
286 394
287 289
287 290
287 291
287 296
287 297
287 298
287 299
287 312
287 352
287 360
287 361
287 374
287 391
288 292
288 293
288 298
288 301
288 305
288 324
288 328
288 334
288 362
288 363
288 372
288 388
288 393
289 296
289 297
289 310
289 327
289 331
289 343
289 347
289 349
289 352
289 355
289 362
289 383
289 385
289 386
289 387
290 296
290 313
290 320
290 333
290 361
290 373
290 379
290 381
290 392
290 397
291 292
291 294
291 311
291 315
291 319
291 331
291 337
291 344
291 358
291 360
291 387
292 296
292 298
292 299
292 320
292 324
292 331
292 344
292 363
292 372
292 377
293 303
293 309
293 310
293 333
293 337
293 341
293 350
293 354
293 359
293 365
293 367
293 373
293 377
293 397
294 296
294 297
294 298
294 301
294 308
294 321
294 322
294 326
294 328
294 329
294 354
294 357
294 370
294 380
294 381
294 382
294 383
295 307
295 308
295 310
295 322
295 327
295 329
295 357
295 359
295 363
295 369
295 370
295 382
295 393
295 399
296 304
296 307
296 309
296 318
296 329
296 334
296 345
296 356
296 369
296 371
296 372
296 375
296 383
296 391
296 395
297 301
297 302
297 323
297 327
297 335
297 346
297 348
297 362
297 368
297 382
298 299
298 301
298 323
298 327
298 331
298 333
298 349
298 356
298 357
298 365
298 372
298 381
298 382
298 389
298 399
299 305
299 306
299 310
299 313
299 325
299 332
299 333
299 336
299 344
299 362
299 368
299 377
299 383
300 308
300 309
300 314
300 315
300 319
300 321
300 329
300 331
300 335
300 339
300 340
300 349
300 351
300 352
300 354
300 355
300 356
300 359
300 363
300 378
300 386
300 387
300 388
300 392
300 395
301 305
301 306
301 308
301 313
301 315
301 316
301 318
301 319
301 332
301 334
301 340
301 343
301 347
301 348
301 349
301 354
301 355
301 361
301 362
301 363
301 382
301 386
301 387
301 393
301 397
301 398
302 307
302 311
302 312
302 324
302 333
302 335
302 336
302 337
302 341
302 346
302 348
302 350
302 354
302 358
302 362
302 363
302 365
302 366
302 367
302 371
302 373
302 374
302 375
302 379
302 380
302 388
303 305
303 311
303 313
303 319
303 320
303 323
303 338
303 342
303 344
303 345
303 349
303 358
303 362
303 366
303 375
303 379
303 380
303 381
303 383
303 385
303 386
303 388
303 393
303 395
303 397
303 398
304 307
304 310
304 311
304 312
304 316
304 322
304 323
304 324
304 326
304 329
304 334
304 336
304 340
304 345
304 348
304 349
304 358
304 360
304 366
304 371
304 375
304 376
304 377
304 378
304 383
304 390
304 393
304 395
304 396
304 398
304 399
305 308
305 309
305 311
305 315
305 317
305 319
305 323
305 324
305 325
305 328
305 330
305 334
305 335
305 339
305 340
305 342
305 345
305 347
305 357
305 359
305 366
305 378
305 381
305 388
305 391
305 392
305 394
305 397
305 398
305 399
306 307
306 311
306 312
306 313
306 324
306 329
306 332
306 336
306 348
306 351
306 352
306 358
306 362
306 363
306 366
306 368
306 374
306 375
306 377
306 378
306 379
306 385
306 390
306 391
306 398
306 399
307 308
307 309
307 315
307 319
307 326
307 329
307 330
307 332
307 334
307 344
307 353
307 354
307 364
307 366
307 372
307 373
307 376
307 390
307 391
307 392
307 395
307 398
308 312
308 315
308 322
308 323
308 328
308 334
308 341
308 348
308 349
308 353
308 354
308 355
308 356
308 357
308 361
308 363
308 365
308 369
308 376
308 378
308 380
308 381
308 391
308 393
308 397
308 398
308 399
309 311
309 315
309 318
309 319
309 320
309 321
309 325
309 332
309 338
309 344
309 345
309 347
309 349
309 351
309 362
309 367
309 370
309 388
309 393
310 313
310 316
310 317
310 322
310 326
310 328
310 331
310 340
310 345
310 346
310 349
310 353
310 354
310 355
310 357
310 359
310 361
310 362
310 363
310 365
310 376
310 385
310 391
310 393
310 394
310 395
310 396
310 398
311 314
311 322
311 323
311 328
311 341
311 342
311 347
311 348
311 350
311 352
311 353
311 355
311 357
311 359
311 364
311 365
311 370
311 371
311 376
311 377
311 387
311 389
311 390
311 394
311 398
312 315
312 330
312 333
312 334
312 338
312 340
312 350
312 355
312 361
312 362
312 371
312 374
312 379
312 380
312 381
312 382
312 386
312 388
312 394
313 316
313 323
313 327
313 329
313 338
313 340
313 343
313 347
313 350
313 352
313 354
313 356
313 365
313 366
313 367
313 368
313 369
313 376
313 378
313 381
313 383
313 387
313 388
313 389
313 390
313 392
313 396
313 398
314 315
314 320
314 324
314 325
314 335
314 342
314 348
314 350
314 351
314 354
314 355
314 366
314 368
314 371
314 372
314 380
314 382
314 386
314 390
314 391
314 393
314 395
314 397
315 317
315 321
315 323
315 329
315 330
315 334
315 335
315 337
315 338
315 341
315 342
315 344
315 348
315 351
315 353
315 356
315 358
315 360
315 371
315 372
315 374
315 381
315 382
315 385
315 387
315 388
315 389
315 392
315 395
316 324
316 331
316 335
316 341
316 346
316 347
316 348
316 349
316 350
316 353
316 358
316 359
316 364
316 369
316 370
316 371
316 376
316 383
316 387
316 389
316 390
316 394
317 318
317 323
317 324
317 325
317 328
317 330
317 332
317 340
317 344
317 348
317 350
317 353
317 355
317 361
317 362
317 368
317 369
317 376
317 377
317 380
317 383
317 386
317 387
317 391
317 396
317 399
318 324
318 326
318 330
318 331
318 334
318 336
318 339
318 340
318 341
318 343
318 344
318 346
318 354
318 360
318 361
318 372
318 373
318 374
318 377
318 380
318 384
318 386
318 393
318 396
318 398
319 320
319 325
319 327
319 330
319 332
319 333
319 334
319 335
319 336
319 344
319 345
319 346
319 351
319 355
319 356
319 364
319 372
319 373
319 386
319 389
319 390
319 392
319 395
320 321
320 329
320 331
320 333
320 335
320 349
320 354
320 357
320 358
320 360
320 361
320 363
320 365
320 370
320 371
320 375
320 376
320 377
320 378
320 381
320 384
320 386
320 387
320 390
320 396
321 324
321 334
321 337
321 339
321 340
321 343
321 351
321 356
321 357
321 360
321 371
321 374
321 375
321 378
321 388
321 394
321 395
321 398
322 329
322 346
322 350
322 351
322 354
322 356
322 358
322 361
322 362
322 365
322 366
322 367
322 378
322 379
322 380
322 384
322 385
322 386
322 389
322 394
322 395
322 397
323 330
323 335
323 342
323 346
323 347
323 351
323 352
323 365
323 369
323 378
323 379
323 385
323 389
323 390
323 391
323 392
323 397
323 399
324 325
324 327
324 330
324 331
324 332
324 335
324 336
324 344
324 346
324 349
324 351
324 355
324 360
324 362
324 363
324 369
324 377
324 381
324 382
324 385
324 389
324 392
324 396
324 397
325 326
325 327
325 328
325 337
325 340
325 347
325 349
325 350
325 351
325 352
325 353
325 354
325 355
325 362
325 363
325 367
325 369
325 372
325 374
325 376
325 377
325 380
325 382
325 383
325 387
325 389
325 391
325 394
325 396
325 398
326 328
326 329
326 333
326 339
326 344
326 348
326 351
326 352
326 357
326 358
326 362
326 363
326 365
326 366
326 368
326 373
326 376
326 377
326 380
326 384
326 389
326 391
326 395
326 396
326 397
326 398
326 399
327 331
327 333
327 334
327 337
327 338
327 339
327 342
327 343
327 345
327 352
327 359
327 365
327 372
327 374
327 377
327 378
327 380
327 382
327 385
327 387
327 389
327 396
327 398
327 399
328 330
328 332
328 333
328 334
328 335
328 336
328 341
328 343
328 344
328 349
328 350
328 352
328 353
328 354
328 357
328 359
328 364
328 369
328 371
328 375
328 377
328 381
328 383
328 389
328 396
328 397
328 399
329 334
329 337
329 338
329 340
329 341
329 345
329 349
329 356
329 357
329 358
329 359
329 363
329 367
329 370
329 374
329 378
329 380
329 382
329 384
329 388
329 390
329 391
329 393
329 394
329 398
330 333
330 335
330 337
330 342
330 351
330 353
330 354
330 355
330 361
330 368
330 369
330 373
330 374
330 376
330 382
330 387
330 388
330 394
331 333
331 340
331 342
331 357
331 361
331 363
331 366
331 367
331 378
331 385
331 388
331 391
331 394
331 395
332 336
332 342
332 345
332 351
332 361
332 369
332 372
332 373
332 376
332 377
332 379
332 384
332 388
332 393
332 394
332 396
332 399
333 334
333 342
333 343
333 344
333 351
333 359
333 364
333 365
333 367
333 370
333 371
333 381
333 385
333 386
334 338
334 341
334 342
334 355
334 360
334 362
334 363
334 365
334 373
334 374
334 375
334 382
334 388
334 390
334 396
334 399
335 340
335 351
335 355
335 356
335 368
335 369
335 370
335 371
335 372
335 375
335 376
335 380
335 383
335 384
335 386
335 389
335 391
335 395
336 338
336 345
336 347
336 348
336 349
336 351
336 353
336 357
336 366
336 367
336 373
336 376
336 382
336 383
336 388
336 391
337 339
337 343
337 345
337 348
337 352
337 355
337 356
337 359
337 360
337 362
337 363
337 365
337 366
337 367
337 370
337 372
337 373
337 377
337 378
337 381
337 387
337 395
338 340
338 343
338 344
338 351
338 352
338 354
338 356
338 360
338 366
338 367
338 381
338 383
338 387
338 390
338 394
338 398
339 341
339 347
339 350
339 353
339 361
339 364
339 370
339 371
339 377
339 380
339 386
339 389
339 391
339 398
340 341
340 344
340 345
340 352
340 357
340 359
340 362
340 374
340 386
340 388
340 389
340 390
340 392
340 398
341 342
341 343
341 347
341 350
341 355
341 362
341 363
341 370
341 372
341 374
341 383
341 392
341 395
341 397
341 398
342 344
342 347
342 349
342 350
342 357
342 358
342 359
342 366
342 368
342 372
342 376
342 377
342 391
342 392
342 394
342 397
343 344
343 347
343 349
343 350
343 354
343 355
343 356
343 358
343 360
343 364
343 367
343 368
343 371
343 373
343 374
343 387
343 389
343 392
343 394
343 395
343 397
344 345
344 346
344 348
344 349
344 352
344 356
344 357
344 361
344 367
344 371
344 372
344 376
344 377
344 385
344 391
344 393
344 394
345 348
345 353
345 356
345 357
345 358
345 360
345 367
345 368
345 369
345 370
345 371
345 372
345 374
345 380
345 384
345 387
345 394
345 398
346 354
346 361
346 367
346 372
346 373
346 376
346 377
346 379
346 383
346 385
346 389
346 390
346 395
346 398
347 361
347 362
347 368
347 370
347 371
347 374
347 381
347 389
347 393
348 349
348 358
348 360
348 374
348 379
348 384
348 388
348 395
349 351
349 357
349 358
349 360
349 363
349 367
349 368
349 370
349 371
349 372
349 378
349 386
350 351
350 352
350 353
350 358
350 360
350 363
350 365
350 370
350 373
350 382
350 385
350 388
350 393
350 396
351 352
351 353
351 360
351 363
351 366
351 367
351 377
351 378
351 385
351 386
351 389
351 392
351 397
352 355
352 356
352 363
352 368
352 369
352 377
352 384
352 387
352 393
352 398
353 356
353 361
353 362
353 368
353 372
353 374
353 377
353 379
353 384
353 385
353 387
353 388
353 390
353 392
353 393
354 358
354 367
354 368
354 369
354 370
354 371
354 372
354 381
354 385
354 386
354 390
354 396
354 397
355 359
355 362
355 369
355 372
355 382
355 384
355 386
355 390
355 393
355 394
355 398
356 357
356 358
356 359
356 360
356 370
356 372
356 376
356 379
356 381
356 382
356 385
356 388
356 397
356 399
357 361
357 363
357 372
357 373
357 376
357 377
357 385
357 386
357 388
357 392
357 395
357 396
358 360
358 362
358 366
358 368
358 371
358 381
358 383
358 388
358 393
358 396
358 398
359 362
359 365
359 367
359 368
359 369
359 379
359 393
359 395
359 399
360 367
360 368
360 373
360 374
360 383
360 390
360 398
361 370
361 374
361 377
361 378
361 387
361 390
361 391
361 392
361 395
362 363
362 364
362 366
362 369
362 373
362 379
362 380
362 383
362 384
362 385
362 387
362 393
362 394
362 398
363 364
363 366
363 369
363 373
363 374
363 375
363 376
363 377
363 380
363 384
363 389
363 390
363 392
363 394
363 396
363 398
364 369
364 373
364 377
364 381
364 384
364 385
364 389
364 394
365 370
365 379
365 380
365 381
365 388
365 391
365 392
365 395
366 373
366 374
366 376
366 379
366 381
366 384
366 385
366 386
366 390
366 395
366 397
367 368
367 371
367 372
367 375
367 385
367 386
367 389
367 390
367 395
367 397
367 399
368 369
368 374
368 377
368 384
368 387
368 390
368 392
368 399
369 373
369 379
369 386
369 389
369 390
369 391
369 396
369 399
370 372
370 377
370 378
370 380
370 382
370 386
370 387
370 389
370 394
370 395
370 397
370 399
371 373
371 374
371 377
371 378
371 383
371 389
371 392
371 394
371 395
371 396
372 376
372 385
372 386
372 395
372 397
373 378
373 379
373 381
373 386
373 388
373 389
373 390
373 391
374 375
374 376
374 377
374 381
374 384
374 388
374 389
374 392
374 394
374 395
374 396
374 398
375 380
375 381
375 384
375 386
375 387
375 388
375 390
375 392
375 397
375 398
376 377
376 381
376 382
376 385
376 391
376 393
376 396
376 397
376 399
377 386
377 387
377 388
377 393
377 395
377 396
378 379
378 391
378 392
378 393
378 396
379 381
379 382
379 386
379 387
379 395
379 399
380 382
380 385
380 386
380 392
380 393
380 399
381 382
381 383
381 390
381 396
382 384
382 393
382 395
382 397
383 384
383 389
383 391
383 392
383 398
383 399
384 385
384 391
384 392
384 394
385 387
385 396
386 389
386 391
386 395
386 396
386 397
386 399
387 391
387 394
387 395
387 398
388 389
388 394
388 399
389 391
389 393
389 394
389 399
390 392
390 393
391 393
391 395
391 396
391 398
392 394
393 395
393 396
393 397
393 399
394 397
395 396
395 397
395 399
396 399
398 399
